/dataAVO/LESAV/targetArteries/1024x1024/test/ ==> /inferenceTrain/predNoDA/predZeroS_A/DR_DU_HR/
colorMode : Grayscale
daMode : ['noDA']
imageToTensor length: 17
('imgName', 'TP', 'FP', 'TN', 'FN', 'DICE')
('111.png', 19621, 8982, 1009052, 10921, 0.663)
('119.png', 17194, 13877, 1002776, 14729, 0.546)
('12.png', 29190, 7938, 1000431, 11017, 0.755)
('15.png', 21453, 8288, 1006856, 11979, 0.679)
('224.png', 27278, 8518, 999880, 12900, 0.718)
('240.png', 24809, 9094, 1009795, 4878, 0.78)
('275.png', 21206, 9662, 1005640, 12068, 0.661)
('279.png', 31552, 4330, 997289, 15405, 0.762)
('304.png', 13627, 12613, 1015091, 7245, 0.578)
('318.png', 25790, 6827, 1006309, 9650, 0.758)
('33.png', 28817, 14055, 986803, 18901, 0.636)
('34.png', 28475, 6995, 996496, 16610, 0.707)
('37.png', 35558, 6707, 988228, 18083, 0.742)
('42.png', 26466, 7122, 1006701, 8287, 0.775)
('49.png', 28703, 7433, 998778, 13662, 0.731)
('53.png', 32547, 4621, 993495, 17913, 0.743)
('90.png', 26165, 10253, 997611, 14547, 0.678)
('meanDice', 0.701)
/dataAVO/LESAV/targetArteries/1024x1024/test/ ==> /inferenceTrain/predNoDA/predFewS_A/DR_DU_HR/
colorMode : Grayscale
daMode : ['noDA']
imageToTensor length: 17
('imgName', 'TP', 'FP', 'TN', 'FN', 'DICE')
('111.png', 20787, 6727, 1011307, 9755, 0.716)
('119.png', 22268, 9644, 1007009, 9655, 0.698)
('12.png', 30584, 5914, 1002455, 9623, 0.797)
('15.png', 23367, 10693, 1004451, 10065, 0.692)
('224.png', 26893, 11128, 997270, 13285, 0.688)
('240.png', 23554, 9914, 1008975, 6133, 0.746)
('275.png', 23664, 7162, 1008140, 9610, 0.738)
('279.png', 33869, 6587, 995032, 13088, 0.775)
('304.png', 14222, 15844, 1011860, 6650, 0.558)
('318.png', 25840, 8258, 1004878, 9600, 0.743)
('33.png', 29352, 13475, 987383, 18366, 0.648)
('34.png', 32905, 7561, 995930, 12180, 0.769)
('37.png', 37321, 6120, 988815, 16320, 0.769)
('42.png', 27764, 8416, 1005407, 6989, 0.783)
('49.png', 31231, 5505, 1000706, 11134, 0.79)
('53.png', 35322, 4957, 993159, 15138, 0.779)
('90.png', 27814, 12090, 995774, 12898, 0.69)
('meanDice', 0.728)
/dataAVO/LESAV/targetArteries/1024x1024/test/ ==> /inferenceTrain/predDA/predZeroS_A/DR_DU_HR/
colorMode : Grayscale
daMode : ['noDA']
imageToTensor length: 17
('imgName', 'TP', 'FP', 'TN', 'FN', 'DICE')
('111.png', 16710, 3479, 1014555, 13832, 0.659)
('119.png', 18551, 5800, 1010853, 13372, 0.659)
('12.png', 24649, 2657, 1005712, 15558, 0.73)
('15.png', 20876, 5326, 1009818, 12556, 0.7)
('224.png', 23757, 4713, 1003685, 16421, 0.692)
('240.png', 21020, 4544, 1014345, 8667, 0.761)
('275.png', 21934, 3322, 1011980, 11340, 0.749)
('279.png', 27891, 3286, 998333, 19066, 0.714)
('304.png', 10807, 12561, 1015143, 10065, 0.489)
('318.png', 21897, 3400, 1009736, 13543, 0.721)
('33.png', 25242, 7369, 993489, 22476, 0.628)
('34.png', 29501, 4219, 999272, 15584, 0.749)
('37.png', 30157, 2637, 992298, 23484, 0.698)
('42.png', 25490, 5016, 1008807, 9263, 0.781)
('49.png', 22433, 2005, 1004206, 19932, 0.672)
('53.png', 30228, 2379, 995737, 20232, 0.728)
('90.png', 23171, 5447, 1002417, 17541, 0.668)
('meanDice', 0.694)
/dataAVO/LESAV/targetArteries/1024x1024/test/ ==> /inferenceTrain/predDA/predFewS_A/DR_DU_HR/
colorMode : Grayscale
daMode : ['noDA']
imageToTensor length: 17
('imgName', 'TP', 'FP', 'TN', 'FN', 'DICE')
('111.png', 19873, 5678, 1012356, 10669, 0.709)
('119.png', 17803, 10387, 1006266, 14120, 0.592)
('12.png', 28856, 3694, 1004675, 11351, 0.793)
('15.png', 23620, 4887, 1010257, 9812, 0.763)
('224.png', 26409, 3159, 1005239, 13769, 0.757)
('240.png', 24652, 4611, 1014278, 5035, 0.836)
('275.png', 23850, 5128, 1010174, 9424, 0.766)
('279.png', 33038, 2952, 998667, 13919, 0.797)
('304.png', 14499, 12806, 1014898, 6373, 0.602)
('318.png', 25841, 4848, 1008288, 9599, 0.782)
('33.png', 27773, 8250, 992608, 19945, 0.663)
('34.png', 30068, 4800, 998691, 15017, 0.752)
('37.png', 36827, 2421, 992514, 16814, 0.793)
('42.png', 26225, 3436, 1010387, 8528, 0.814)
('49.png', 31169, 2372, 1003839, 11196, 0.821)
('53.png', 32239, 2102, 996014, 18221, 0.76)
('90.png', 26622, 7876, 999988, 14090, 0.708)
('meanDice', 0.748)
/dataAVO/HRF/targetArteries/1024x1024/test/ ==> /inferenceTrain/predNoDA/predZeroS_A/DR_DU_LE/
colorMode : Grayscale
daMode : ['noDA']
imageToTensor length: 40
('imgName', 'TP', 'FP', 'TN', 'FN', 'DICE')
('1.png', 14592, 28604, 1000180, 5200, 0.463)
('10.png', 18862, 20135, 1000300, 9279, 0.562)
('11.png', 20779, 20900, 993849, 13048, 0.55)
('12.png', 31780, 13711, 982473, 20612, 0.649)
('13.png', 23413, 19733, 992364, 13066, 0.588)
('14.png', 23609, 18082, 995219, 11666, 0.613)
('15.png', 29587, 13856, 989465, 15668, 0.667)
('16.png', 17403, 23117, 991610, 16446, 0.468)
('17.png', 22966, 21945, 987703, 15962, 0.548)
('18.png', 32593, 16206, 978537, 21240, 0.635)
('19.png', 29299, 20894, 984663, 13720, 0.629)
('2.png', 24207, 21311, 989970, 13088, 0.585)
('20.png', 21012, 15342, 999253, 12969, 0.597)
('21.png', 31820, 14118, 986363, 16275, 0.677)
('22.png', 25499, 18707, 992230, 12140, 0.623)
('23.png', 22650, 23310, 989846, 12770, 0.557)
('24.png', 31156, 14404, 982271, 20745, 0.639)
('25.png', 17684, 27334, 992620, 10938, 0.48)
('26.png', 22244, 18643, 994635, 13054, 0.584)
('27.png', 24849, 15654, 995830, 12243, 0.64)
('28.png', 27685, 19656, 981491, 19744, 0.584)
('29.png', 23829, 12540, 998619, 13588, 0.646)
('3.png', 33459, 10391, 980425, 24301, 0.659)
('30.png', 24243, 17614, 988240, 18479, 0.573)
('31.png', 29877, 18366, 983665, 16668, 0.63)
('32.png', 25327, 16288, 988739, 18222, 0.595)
('33.png', 31843, 13092, 985839, 17802, 0.673)
('34.png', 21612, 21874, 994258, 10832, 0.569)
('35.png', 27026, 20497, 979783, 21270, 0.564)
('36.png', 35312, 14761, 979630, 18873, 0.677)
('37.png', 23015, 16865, 998520, 10176, 0.63)
('38.png', 24757, 19071, 992675, 12073, 0.614)
('39.png', 29940, 12842, 987472, 18322, 0.658)
('4.png', 20305, 19477, 998401, 10393, 0.576)
('40.png', 24187, 21329, 992574, 10486, 0.603)
('5.png', 25347, 21181, 984305, 17743, 0.566)
('6.png', 32771, 14480, 980971, 20354, 0.653)
('7.png', 20117, 21695, 997100, 9664, 0.562)
('8.png', 20676, 20417, 997772, 9711, 0.579)
('9.png', 31136, 11305, 981455, 24680, 0.634)
('meanDice', 0.6)
/dataAVO/HRF/targetArteries/1024x1024/test/ ==> /inferenceTrain/predNoDA/predFewS_A/DR_DU_LE/
colorMode : Grayscale
daMode : ['noDA']
imageToTensor length: 40
('imgName', 'TP', 'FP', 'TN', 'FN', 'DICE')
('1.png', 14475, 19460, 1009324, 5317, 0.539)
('10.png', 19028, 14924, 1005511, 9113, 0.613)
('11.png', 21972, 14431, 1000318, 11855, 0.626)
('12.png', 31668, 6324, 989860, 20724, 0.701)
('13.png', 24947, 14830, 997267, 11532, 0.654)
('14.png', 24456, 12418, 1000883, 10819, 0.678)
('15.png', 28943, 8885, 994436, 16312, 0.697)
('16.png', 17155, 17683, 997044, 16694, 0.5)
('17.png', 24700, 15123, 994525, 14228, 0.627)
('18.png', 32865, 8777, 985966, 20968, 0.688)
('19.png', 29299, 12419, 993138, 13720, 0.692)
('2.png', 24266, 14284, 996997, 13029, 0.64)
('20.png', 22090, 11683, 1002912, 11891, 0.652)
('21.png', 31060, 9470, 991011, 17035, 0.701)
('22.png', 25607, 14638, 996299, 12032, 0.658)
('23.png', 21728, 13847, 999309, 13692, 0.612)
('24.png', 31230, 9297, 987378, 20671, 0.676)
('25.png', 16667, 18905, 1001049, 11955, 0.519)
('26.png', 22573, 11845, 1001433, 12725, 0.648)
('27.png', 24813, 10293, 1001191, 12279, 0.687)
('28.png', 28116, 13290, 987857, 19313, 0.633)
('29.png', 24850, 9269, 1001890, 12567, 0.695)
('3.png', 32364, 6581, 984235, 25396, 0.669)
('30.png', 25859, 10195, 995659, 16863, 0.657)
('31.png', 30054, 12176, 989855, 16491, 0.677)
('32.png', 24781, 12477, 992550, 18768, 0.613)
('33.png', 31511, 8424, 990507, 18134, 0.704)
('34.png', 21034, 13798, 1002334, 11410, 0.625)
('35.png', 28792, 12924, 987356, 19504, 0.64)
('36.png', 34951, 9851, 984540, 19234, 0.706)
('37.png', 21544, 11864, 1003521, 11647, 0.647)
('38.png', 23994, 12618, 999128, 12836, 0.653)
('39.png', 32154, 10075, 990239, 16108, 0.711)
('4.png', 20726, 15297, 1002581, 9972, 0.621)
('40.png', 24513, 16025, 997878, 10160, 0.652)
('5.png', 28352, 13805, 991681, 14738, 0.665)
('6.png', 30913, 9612, 985839, 22212, 0.66)
('7.png', 19711, 16776, 1002019, 10070, 0.595)
('8.png', 21042, 13989, 1004200, 9345, 0.643)
('9.png', 31259, 6890, 985870, 24557, 0.665)
('meanDice', 0.648)
/dataAVO/HRF/targetArteries/1024x1024/test/ ==> /inferenceTrain/predDA/predZeroS_A/DR_DU_LE/
colorMode : Grayscale
daMode : ['noDA']
imageToTensor length: 40
('imgName', 'TP', 'FP', 'TN', 'FN', 'DICE')
('1.png', 13375, 19819, 1008965, 6417, 0.505)
('10.png', 16488, 13525, 1006910, 11653, 0.567)
('11.png', 18892, 16269, 998480, 14935, 0.548)
('12.png', 25712, 5714, 990470, 26680, 0.614)
('13.png', 21949, 12323, 999774, 14530, 0.62)
('14.png', 20325, 11682, 1001619, 14950, 0.604)
('15.png', 26654, 8786, 994535, 18601, 0.661)
('16.png', 14463, 15769, 998958, 19386, 0.451)
('17.png', 22324, 11163, 998485, 16604, 0.617)
('18.png', 30138, 8530, 986213, 23695, 0.652)
('19.png', 25577, 12517, 993040, 17442, 0.631)
('2.png', 22870, 13497, 997784, 14425, 0.621)
('20.png', 19094, 12540, 1002055, 14887, 0.582)
('21.png', 27553, 11189, 989292, 20542, 0.635)
('22.png', 22945, 15868, 995069, 14694, 0.6)
('23.png', 19797, 13683, 999473, 15623, 0.575)
('24.png', 26658, 8279, 988396, 25243, 0.614)
('25.png', 14768, 22392, 997562, 13854, 0.449)
('26.png', 19311, 11190, 1002088, 15987, 0.587)
('27.png', 20644, 8628, 1002856, 16448, 0.622)
('28.png', 25618, 12321, 988826, 21811, 0.6)
('29.png', 20891, 7909, 1003250, 16526, 0.631)
('3.png', 29289, 6824, 983992, 28471, 0.624)
('30.png', 21675, 8814, 997040, 21047, 0.592)
('31.png', 26354, 12777, 989254, 20191, 0.615)
('32.png', 22747, 13812, 991215, 20802, 0.568)
('33.png', 25941, 7962, 990969, 23704, 0.621)
('34.png', 18958, 11995, 1004137, 13486, 0.598)
('35.png', 24011, 10918, 989362, 24285, 0.577)
('36.png', 30468, 8971, 985420, 23717, 0.651)
('37.png', 20328, 11418, 1003967, 12863, 0.626)
('38.png', 21020, 10605, 1001141, 15810, 0.614)
('39.png', 26652, 8671, 991643, 21610, 0.638)
('4.png', 17082, 15657, 1002221, 13616, 0.539)
('40.png', 20831, 10676, 1003227, 13842, 0.63)
('5.png', 26092, 11693, 993793, 16998, 0.645)
('6.png', 29577, 6849, 988602, 23548, 0.661)
('7.png', 18684, 15775, 1003020, 11097, 0.582)
('8.png', 18270, 16349, 1001840, 12117, 0.562)
('9.png', 28101, 6653, 986107, 27715, 0.621)
('meanDice', 0.599)
/dataAVO/HRF/targetArteries/1024x1024/test/ ==> /inferenceTrain/predDA/predFewS_A/DR_DU_LE/
colorMode : Grayscale
daMode : ['noDA']
imageToTensor length: 40
('imgName', 'TP', 'FP', 'TN', 'FN', 'DICE')
('1.png', 14923, 18647, 1010137, 4869, 0.559)
('10.png', 20160, 14473, 1005962, 7981, 0.642)
('11.png', 22418, 10935, 1003814, 11409, 0.667)
('12.png', 35211, 5664, 990520, 17181, 0.755)
('13.png', 26754, 12348, 999749, 9725, 0.708)
('14.png', 25834, 12486, 1000815, 9441, 0.702)
('15.png', 28819, 7963, 995358, 16436, 0.703)
('16.png', 17964, 17097, 997630, 15885, 0.521)
('17.png', 25826, 12893, 996755, 13102, 0.665)
('18.png', 35273, 6808, 987935, 18560, 0.736)
('19.png', 31394, 12185, 993372, 11625, 0.725)
('2.png', 25657, 13311, 997970, 11638, 0.673)
('20.png', 22948, 9549, 1005046, 11033, 0.69)
('21.png', 33781, 8618, 991863, 14314, 0.747)
('22.png', 25504, 11933, 999004, 12135, 0.679)
('23.png', 24040, 10699, 1002457, 11380, 0.685)
('24.png', 33689, 8772, 987903, 18212, 0.714)
('25.png', 17721, 13013, 1006941, 10901, 0.597)
('26.png', 23631, 9268, 1004010, 11667, 0.693)
('27.png', 24444, 8954, 1002530, 12648, 0.694)
('28.png', 30586, 12780, 988367, 16843, 0.674)
('29.png', 26055, 9717, 1001442, 11362, 0.712)
('3.png', 31587, 5663, 985153, 26173, 0.665)
('30.png', 26020, 7529, 998325, 16702, 0.682)
('31.png', 33210, 13708, 988323, 13335, 0.711)
('32.png', 28566, 9614, 995413, 14983, 0.699)
('33.png', 36077, 8777, 990154, 13568, 0.764)
('34.png', 21035, 10071, 1006061, 11409, 0.662)
('35.png', 29293, 9691, 990589, 19003, 0.671)
('36.png', 36628, 8371, 986020, 17557, 0.739)
('37.png', 23186, 10540, 1004845, 10005, 0.693)
('38.png', 25672, 12486, 999260, 11158, 0.685)
('39.png', 37719, 11030, 989284, 10543, 0.778)
('4.png', 22830, 15255, 1002623, 7868, 0.664)
('40.png', 23010, 9716, 1004187, 11663, 0.683)
('5.png', 28779, 10230, 995256, 14311, 0.701)
('6.png', 31421, 6619, 988832, 21704, 0.689)
('7.png', 21450, 15482, 1003313, 8331, 0.643)
('8.png', 23116, 13225, 1004964, 7271, 0.693)
('9.png', 35725, 6151, 986609, 20091, 0.731)
('meanDice', 0.687)
/dataAVO/DUALMODAL2019/targetArteries/1024x1024/test/ ==> /inferenceTrain/predNoDA/predZeroS_A/DR_HR_LE/
colorMode : Grayscale
daMode : ['noDA']
imageToTensor length: 25
('imgName', 'TP', 'FP', 'TN', 'FN', 'DICE')
('1.png', 28943, 23871, 988889, 6873, 0.653)
('10.png', 30114, 23226, 988712, 6524, 0.669)
('11.png', 32678, 20154, 989243, 6501, 0.71)
('12.png', 25108, 22705, 992004, 8759, 0.615)
('13.png', 24702, 23318, 994779, 5777, 0.629)
('14.png', 32658, 20009, 987493, 8416, 0.697)
('15.png', 20367, 22968, 1001172, 4069, 0.601)
('16.png', 19164, 27291, 994641, 7480, 0.524)
('17.png', 27898, 26094, 987427, 7157, 0.627)
('18.png', 23141, 24863, 996454, 4118, 0.615)
('19.png', 22119, 26284, 994965, 5208, 0.584)
('2.png', 18940, 29489, 991178, 8969, 0.496)
('20.png', 32144, 24228, 986057, 6147, 0.679)
('21.png', 20325, 27047, 995942, 5262, 0.557)
('22.png', 28929, 22670, 990565, 6412, 0.665)
('23.png', 32946, 21841, 985618, 8171, 0.687)
('24.png', 24786, 22848, 991440, 9502, 0.605)
('25.png', 28281, 25882, 987563, 6850, 0.633)
('3.png', 28563, 20871, 992765, 6377, 0.677)
('4.png', 18394, 27031, 997670, 5481, 0.531)
('5.png', 31339, 24787, 985612, 6838, 0.665)
('6.png', 17771, 24111, 994886, 11808, 0.497)
('7.png', 25107, 24727, 994954, 3788, 0.638)
('8.png', 29768, 22617, 989151, 7040, 0.667)
('9.png', 23163, 25470, 996216, 3727, 0.613)
('meanDice', 0.621)
/dataAVO/DUALMODAL2019/targetArteries/1024x1024/test/ ==> /inferenceTrain/predNoDA/predFewS_A/DR_HR_LE/
colorMode : Grayscale
daMode : ['noDA']
imageToTensor length: 25
('imgName', 'TP', 'FP', 'TN', 'FN', 'DICE')
('1.png', 28654, 11094, 1001666, 7162, 0.758)
('10.png', 29302, 12251, 999687, 7336, 0.749)
('11.png', 30954, 9025, 1000372, 8225, 0.782)
('12.png', 24280, 12091, 1002618, 9587, 0.691)
('13.png', 23330, 14358, 1003739, 7149, 0.684)
('14.png', 32739, 13429, 994073, 8335, 0.751)
('15.png', 19527, 14693, 1009447, 4909, 0.666)
('16.png', 19213, 17981, 1003951, 7431, 0.602)
('17.png', 28453, 16559, 996962, 6602, 0.711)
('18.png', 22453, 12222, 1009095, 4806, 0.725)
('19.png', 21431, 13913, 1007336, 5896, 0.684)
('2.png', 19285, 20971, 999696, 8624, 0.566)
('20.png', 33861, 15111, 995174, 4430, 0.776)
('21.png', 20183, 15636, 1007353, 5404, 0.657)
('22.png', 28354, 11741, 1001494, 6987, 0.752)
('23.png', 30876, 9642, 997817, 10241, 0.756)
('24.png', 25248, 12311, 1001977, 9040, 0.703)
('25.png', 28070, 15733, 997712, 7061, 0.711)
('3.png', 28543, 11268, 1002368, 6397, 0.764)
('4.png', 16934, 13545, 1011156, 6941, 0.623)
('5.png', 29733, 12932, 997467, 8444, 0.736)
('6.png', 17319, 19606, 999391, 12260, 0.521)
('7.png', 23908, 12811, 1006870, 4987, 0.729)
('8.png', 29504, 10595, 1001173, 7304, 0.767)
('9.png', 23280, 14121, 1007565, 3610, 0.724)
('meanDice', 0.704)
/dataAVO/DUALMODAL2019/targetArteries/1024x1024/test/ ==> /inferenceTrain/predDA/predZeroS_A/DR_HR_LE/
colorMode : Grayscale
daMode : ['noDA']
imageToTensor length: 25
('imgName', 'TP', 'FP', 'TN', 'FN', 'DICE')
('1.png', 29315, 26046, 986714, 6501, 0.643)
('10.png', 31891, 24873, 987065, 4747, 0.683)
('11.png', 34299, 23301, 986096, 4880, 0.709)
('12.png', 28776, 26694, 988015, 5091, 0.644)
('13.png', 25458, 22298, 995799, 5021, 0.651)
('14.png', 34411, 26265, 981237, 6663, 0.676)
('15.png', 21089, 24833, 999307, 3347, 0.599)
('16.png', 20851, 33161, 988771, 5793, 0.517)
('17.png', 31279, 26700, 986821, 3776, 0.672)
('18.png', 23739, 23366, 997951, 3520, 0.638)
('19.png', 23303, 28955, 992294, 4024, 0.586)
('2.png', 18185, 23420, 997247, 9724, 0.523)
('20.png', 33351, 21785, 988500, 4940, 0.714)
('21.png', 22825, 29066, 993923, 2762, 0.589)
('22.png', 31414, 24625, 988610, 3927, 0.688)
('23.png', 35344, 24410, 983049, 5773, 0.701)
('24.png', 27696, 24153, 990135, 6592, 0.643)
('25.png', 30154, 26924, 986521, 4977, 0.654)
('3.png', 31399, 23614, 990022, 3541, 0.698)
('4.png', 18889, 25755, 998946, 4986, 0.551)
('5.png', 32619, 26497, 983902, 5558, 0.671)
('6.png', 16607, 19660, 999337, 12972, 0.504)
('7.png', 25522, 26531, 993150, 3373, 0.631)
('8.png', 33104, 27368, 984400, 3704, 0.681)
('9.png', 25141, 22651, 999035, 1749, 0.673)
('meanDice', 0.638)
/dataAVO/DUALMODAL2019/targetArteries/1024x1024/test/ ==> /inferenceTrain/predDA/predFewS_A/DR_HR_LE/
colorMode : Grayscale
daMode : ['noDA']
imageToTensor length: 25
('imgName', 'TP', 'FP', 'TN', 'FN', 'DICE')
('1.png', 27309, 8240, 1004520, 8507, 0.765)
('10.png', 28946, 7314, 1004624, 7692, 0.794)
('11.png', 29564, 6984, 1002413, 9615, 0.781)
('12.png', 25021, 10864, 1003845, 8846, 0.717)
('13.png', 22568, 10834, 1007263, 7911, 0.707)
('14.png', 29217, 7001, 1000501, 11857, 0.756)
('15.png', 19399, 10795, 1013345, 5037, 0.71)
('16.png', 18788, 16117, 1005815, 7856, 0.611)
('17.png', 27527, 13732, 999789, 7528, 0.721)
('18.png', 21028, 8947, 1012370, 6231, 0.735)
('19.png', 21997, 12056, 1009193, 5330, 0.717)
('2.png', 16288, 17298, 1003369, 11621, 0.53)
('20.png', 30456, 6322, 1003963, 7835, 0.811)
('21.png', 20237, 10852, 1012137, 5350, 0.714)
('22.png', 26337, 7157, 1006078, 9004, 0.765)
('23.png', 31171, 8957, 998502, 9946, 0.767)
('24.png', 24554, 7972, 1006316, 9734, 0.735)
('25.png', 27151, 10132, 1003313, 7980, 0.75)
('3.png', 26690, 7063, 1006573, 8250, 0.777)
('4.png', 16814, 12233, 1012468, 7061, 0.635)
('5.png', 28796, 7865, 1002534, 9381, 0.77)
('6.png', 15666, 12517, 1006480, 13913, 0.542)
('7.png', 24416, 11864, 1007817, 4479, 0.749)
('8.png', 28997, 9190, 1002578, 7811, 0.773)
('9.png', 23088, 9665, 1012021, 3802, 0.774)
('meanDice', 0.724)
/dataAVO/DRIVE_RETA/targetArteries/1024x1024/test/ ==> /inferenceTrain/predNoDA/predZeroS_A/DU_HR_LE/
colorMode : Grayscale
daMode : ['noDA']
imageToTensor length: 35
('imgName', 'TP', 'FP', 'TN', 'FN', 'DICE')
('01.png', 25825, 9626, 988438, 24687, 0.601)
('02.png', 24504, 10593, 982200, 31279, 0.539)
('03.png', 22784, 10612, 991757, 23423, 0.572)
('04.png', 27290, 5934, 991878, 23474, 0.65)
('05.png', 20121, 12342, 987219, 28894, 0.494)
('06.png', 19917, 10808, 989119, 28732, 0.502)
('07.png', 15428, 17207, 1001045, 14896, 0.49)
('08.png', 19433, 14921, 995702, 18520, 0.538)
('09.png', 19273, 13359, 996001, 19943, 0.536)
('10.png', 19988, 11804, 996629, 20155, 0.556)
('11.png', 21726, 13214, 987877, 25759, 0.527)
('12.png', 24400, 12448, 996257, 15471, 0.636)
('13.png', 26969, 7914, 983366, 30327, 0.585)
('14.png', 21236, 14377, 989535, 23428, 0.529)
('15.png', 22111, 11833, 991134, 23498, 0.556)
('16.png', 22379, 7008, 996319, 22870, 0.6)
('17.png', 22909, 8015, 1003170, 14482, 0.671)
('18.png', 28805, 4803, 990002, 24966, 0.659)
('19.png', 27821, 7055, 981466, 32234, 0.586)
('20.png', 22562, 9573, 989072, 27369, 0.55)
('21.png', 20843, 11884, 996384, 19465, 0.571)
('22.png', 20007, 8966, 991517, 28086, 0.519)
('23.png', 17694, 19792, 987278, 23812, 0.448)
('24.png', 20759, 13708, 978253, 35856, 0.456)
('25.png', 20007, 7672, 993684, 27213, 0.534)
('26.png', 20903, 11419, 990699, 25555, 0.531)
('27.png', 22426, 10301, 993138, 22711, 0.576)
('28.png', 24198, 9185, 992180, 23013, 0.6)
('29.png', 22377, 11816, 992452, 21931, 0.57)
('30.png', 18422, 12474, 995945, 21735, 0.519)
('31.png', 15089, 12328, 1002439, 18720, 0.493)
('32.png', 24397, 6979, 996615, 20585, 0.639)
('33.png', 20580, 6109, 1001819, 20068, 0.611)
('34.png', 9066, 25749, 999639, 14122, 0.313)
('35.png', 28571, 10326, 988183, 21496, 0.642)
('meanDice', 0.554)
/dataAVO/DRIVE_RETA/targetArteries/1024x1024/test/ ==> /inferenceTrain/predNoDA/predFewS_A/DU_HR_LE/
colorMode : Grayscale
daMode : ['noDA']
imageToTensor length: 35
('imgName', 'TP', 'FP', 'TN', 'FN', 'DICE')
('01.png', 32358, 13199, 984865, 18154, 0.674)
('02.png', 33814, 12638, 980155, 21969, 0.661)
('03.png', 26448, 10073, 992296, 19759, 0.639)
('04.png', 33306, 9663, 988149, 17458, 0.711)
('05.png', 28004, 10672, 988889, 21011, 0.639)
('06.png', 25947, 11417, 988510, 22702, 0.603)
('07.png', 20434, 17337, 1000915, 9890, 0.6)
('08.png', 21847, 15941, 994682, 16106, 0.577)
('09.png', 24878, 12790, 996570, 14338, 0.647)
('10.png', 24283, 15965, 992468, 15860, 0.604)
('11.png', 26167, 16852, 984239, 21318, 0.578)
('12.png', 28446, 14560, 994145, 11425, 0.686)
('13.png', 34780, 10186, 981094, 22516, 0.68)
('14.png', 27650, 12935, 990977, 17014, 0.649)
('15.png', 25562, 15036, 987931, 20047, 0.593)
('16.png', 30673, 13188, 990139, 14576, 0.688)
('17.png', 24959, 9756, 1001429, 12432, 0.692)
('18.png', 36741, 6707, 988098, 17030, 0.756)
('19.png', 35498, 9068, 979453, 24557, 0.679)
('20.png', 28463, 12115, 986530, 21468, 0.629)
('21.png', 28181, 11285, 996983, 12127, 0.707)
('22.png', 26162, 9759, 990724, 21931, 0.623)
('23.png', 20974, 17579, 989491, 20532, 0.524)
('24.png', 28883, 16007, 975954, 27732, 0.569)
('25.png', 27331, 8692, 992664, 19889, 0.657)
('26.png', 28625, 10240, 991878, 17833, 0.671)
('27.png', 28868, 10159, 993280, 16269, 0.686)
('28.png', 29417, 10649, 990716, 17794, 0.674)
('29.png', 28863, 11308, 992960, 15445, 0.683)
('30.png', 23440, 14098, 994321, 16717, 0.603)
('31.png', 19129, 13484, 1001283, 14680, 0.576)
('32.png', 29783, 7951, 995643, 15199, 0.72)
('33.png', 25529, 8738, 999190, 15119, 0.682)
('34.png', 10795, 32792, 992596, 12393, 0.323)
('35.png', 31211, 9390, 989119, 18856, 0.688)
('meanDice', 0.639)
/dataAVO/DRIVE_RETA/targetArteries/1024x1024/test/ ==> /inferenceTrain/predDA/predZeroS_A/DU_HR_LE/
colorMode : Grayscale
daMode : ['noDA']
imageToTensor length: 35
('imgName', 'TP', 'FP', 'TN', 'FN', 'DICE')
('01.png', 24398, 4825, 993239, 26114, 0.612)
('02.png', 24999, 8940, 983853, 30784, 0.557)
('03.png', 21315, 4593, 997776, 24892, 0.591)
('04.png', 25980, 3601, 994211, 24784, 0.647)
('05.png', 20665, 3631, 995930, 28350, 0.564)
('06.png', 20438, 5931, 993996, 28211, 0.545)
('07.png', 16684, 10115, 1008137, 13640, 0.584)
('08.png', 17708, 7750, 1002873, 20245, 0.559)
('09.png', 18936, 6619, 1002741, 20280, 0.585)
('10.png', 19132, 6635, 1001798, 21011, 0.581)
('11.png', 22149, 8755, 992336, 25336, 0.565)
('12.png', 22478, 6762, 1001943, 17393, 0.65)
('13.png', 24004, 5016, 986264, 33292, 0.556)
('14.png', 21909, 6489, 997423, 22755, 0.6)
('15.png', 24554, 6574, 996393, 21055, 0.64)
('16.png', 20863, 3266, 1000061, 24386, 0.601)
('17.png', 20616, 6183, 1005002, 16775, 0.642)
('18.png', 26304, 3215, 991590, 27467, 0.632)
('19.png', 26084, 3852, 984669, 33971, 0.58)
('20.png', 20748, 5648, 992997, 29183, 0.544)
('21.png', 20966, 5746, 1002522, 19342, 0.626)
('22.png', 19630, 4456, 996027, 28463, 0.544)
('23.png', 15663, 16188, 990882, 25843, 0.427)
('24.png', 19531, 13502, 978459, 37084, 0.436)
('25.png', 18296, 3126, 998230, 28924, 0.533)
('26.png', 19623, 3334, 998784, 26835, 0.565)
('27.png', 21534, 5492, 997947, 23603, 0.597)
('28.png', 21808, 5929, 995436, 25403, 0.582)
('29.png', 20959, 6030, 998238, 23349, 0.588)
('30.png', 17669, 5948, 1002471, 22488, 0.554)
('31.png', 17995, 9274, 1005493, 15814, 0.589)
('32.png', 20226, 3631, 999963, 24756, 0.588)
('33.png', 19666, 5030, 1002898, 20982, 0.602)
('34.png', 10820, 22581, 1002807, 12368, 0.382)
('35.png', 25613, 3556, 994953, 24454, 0.646)
('meanDice', 0.574)
/dataAVO/DRIVE_RETA/targetArteries/1024x1024/test/ ==> /inferenceTrain/predDA/predFewS_A/DU_HR_LE/
colorMode : Grayscale
daMode : ['noDA']
imageToTensor length: 35
('imgName', 'TP', 'FP', 'TN', 'FN', 'DICE')
('01.png', 34881, 9141, 988923, 15631, 0.738)
('02.png', 32496, 10837, 981956, 23287, 0.656)
('03.png', 25473, 4800, 997569, 20734, 0.666)
('04.png', 34333, 6373, 991439, 16431, 0.751)
('05.png', 26981, 5903, 993658, 22034, 0.659)
('06.png', 25290, 6903, 993024, 23359, 0.626)
('07.png', 19828, 12087, 1006165, 10496, 0.637)
('08.png', 21328, 13066, 997557, 16625, 0.59)
('09.png', 25584, 10137, 999223, 13632, 0.683)
('10.png', 25561, 12209, 996224, 14582, 0.656)
('11.png', 29124, 15267, 985824, 18361, 0.634)
('12.png', 29346, 10706, 997999, 10525, 0.734)
('13.png', 36192, 10148, 981132, 21104, 0.698)
('14.png', 27931, 10161, 993751, 16733, 0.675)
('15.png', 22674, 8298, 994669, 22935, 0.592)
('16.png', 28668, 6477, 996850, 16581, 0.713)
('17.png', 25985, 9052, 1002133, 11406, 0.718)
('18.png', 36493, 5255, 989550, 17278, 0.764)
('19.png', 38569, 7450, 981071, 21486, 0.727)
('20.png', 29821, 10801, 987844, 20110, 0.659)
('21.png', 28998, 12305, 995963, 11310, 0.711)
('22.png', 26462, 6898, 993585, 21631, 0.65)
('23.png', 17584, 14987, 992083, 23922, 0.475)
('24.png', 26328, 14111, 977850, 30287, 0.543)
('25.png', 27484, 5792, 995564, 19736, 0.683)
('26.png', 28246, 6862, 995256, 18212, 0.693)
('27.png', 31015, 10965, 992474, 14122, 0.712)
('28.png', 31396, 9836, 991529, 15815, 0.71)
('29.png', 27800, 9750, 994518, 16508, 0.679)
('30.png', 22826, 9216, 999203, 17331, 0.632)
('31.png', 20673, 14768, 999999, 13136, 0.597)
('32.png', 30165, 7877, 995717, 14817, 0.727)
('33.png', 28219, 9997, 997931, 12429, 0.716)
('34.png', 9823, 22015, 1003373, 13365, 0.357)
('35.png', 34168, 7055, 991454, 15899, 0.749)
('meanDice', 0.663)
