/dataAVO/LESAV/targetArteries/1024x1024/test/ ==> /inferenceEval/predNoDA/predZeroS_A/DR_DU_HR/
colorMode : Grayscale
daMode : ['noDA']
imageToTensor length: 17
('imgName', 'TP', 'FP', 'TN', 'FN', 'DICE')
('111.png', 9026, 112412, 905622, 21516, 0.119)
('119.png', 7504, 54078, 962575, 24419, 0.161)
('12.png', 8512, 43000, 965369, 31695, 0.186)
('15.png', 2601, 103921, 911223, 30831, 0.037)
('224.png', 5230, 4283, 1004115, 34948, 0.211)
('240.png', 5297, 105137, 913752, 24390, 0.076)
('275.png', 7090, 25237, 990065, 26184, 0.216)
('279.png', 5877, 16430, 985189, 41080, 0.17)
('304.png', 2547, 172647, 855057, 18325, 0.026)
('318.png', 5050, 89679, 923457, 30390, 0.078)
('33.png', 5620, 95698, 905160, 42098, 0.075)
('34.png', 12076, 164509, 838982, 33009, 0.109)
('37.png', 10311, 89357, 905578, 43330, 0.135)
('42.png', 10072, 15469, 998354, 24681, 0.334)
('49.png', 6621, 95000, 911211, 35744, 0.092)
('53.png', 9132, 54752, 943364, 41328, 0.16)
('90.png', 1551, 31344, 976520, 39161, 0.042)
('meanDice', 0.131)
/dataAVO/LESAV/targetArteries/1024x1024/test/ ==> /inferenceEval/predNoDA/predFewS_A/DR_DU_HR/
colorMode : Grayscale
daMode : ['noDA']
imageToTensor length: 17
('imgName', 'TP', 'FP', 'TN', 'FN', 'DICE')
('111.png', 7345, 1977, 1016057, 23197, 0.369)
('119.png', 6841, 2731, 1013922, 25082, 0.33)
('12.png', 9146, 2219, 1006150, 31061, 0.355)
('15.png', 2920, 757, 1014387, 30512, 0.157)
('224.png', 9233, 5173, 1003225, 30945, 0.338)
('240.png', 5979, 2555, 1016334, 23708, 0.313)
('275.png', 6748, 1097, 1014205, 26526, 0.328)
('279.png', 12175, 1876, 999743, 34782, 0.399)
('304.png', 385, 390, 1027314, 20487, 0.036)
('318.png', 7972, 1443, 1011693, 27468, 0.355)
('33.png', 6767, 2138, 998720, 40951, 0.239)
('34.png', 10160, 1742, 1001749, 34925, 0.357)
('37.png', 10754, 1292, 993643, 42887, 0.327)
('42.png', 11688, 2782, 1011041, 23065, 0.475)
('49.png', 5069, 714, 1005497, 37296, 0.211)
('53.png', 12878, 1984, 996132, 37582, 0.394)
('90.png', 2496, 1687, 1006177, 38216, 0.111)
('meanDice', 0.3)
/dataAVO/LESAV/targetArteries/1024x1024/test/ ==> /inferenceEval/predDA/predZeroS_A/DR_DU_HR/
colorMode : Grayscale
daMode : ['noDA']
imageToTensor length: 17
('imgName', 'TP', 'FP', 'TN', 'FN', 'DICE')
('111.png', 4558, 26082, 991952, 25984, 0.149)
('119.png', 2905, 9271, 1007382, 29018, 0.132)
('12.png', 3774, 23804, 984565, 36433, 0.111)
('15.png', 946, 7319, 1007825, 32486, 0.045)
('224.png', 6293, 1489, 1006909, 33885, 0.262)
('240.png', 5133, 32566, 986323, 24554, 0.152)
('275.png', 4741, 4054, 1011248, 28533, 0.225)
('279.png', 7167, 952, 1000667, 39790, 0.26)
('304.png', 34, 8187, 1019517, 20838, 0.002)
('318.png', 1424, 14654, 998482, 34016, 0.055)
('33.png', 1252, 13337, 987521, 46466, 0.04)
('34.png', 6098, 52262, 951229, 38987, 0.118)
('37.png', 3498, 1530, 993405, 50143, 0.119)
('42.png', 9852, 2847, 1010976, 24901, 0.415)
('49.png', 1500, 13704, 992507, 40865, 0.052)
('53.png', 5507, 2448, 995668, 44953, 0.189)
('90.png', 678, 8463, 999401, 40034, 0.027)
('meanDice', 0.138)
/dataAVO/LESAV/targetArteries/1024x1024/test/ ==> /inferenceEval/predDA/predFewS_A/DR_DU_HR/
colorMode : Grayscale
daMode : ['noDA']
imageToTensor length: 17
('imgName', 'TP', 'FP', 'TN', 'FN', 'DICE')
('111.png', 4609, 3254, 1014780, 25933, 0.24)
('119.png', 2681, 2130, 1014523, 29242, 0.146)
('12.png', 4228, 1654, 1006715, 35979, 0.183)
('15.png', 809, 1337, 1013807, 32623, 0.045)
('224.png', 4326, 2074, 1006324, 35852, 0.186)
('240.png', 3901, 4274, 1014615, 25786, 0.206)
('275.png', 4275, 1932, 1013370, 28999, 0.217)
('279.png', 4454, 971, 1000648, 42503, 0.17)
('304.png', 1175, 2270, 1025434, 19697, 0.097)
('318.png', 2467, 1116, 1012020, 32973, 0.126)
('33.png', 1310, 2207, 998651, 46408, 0.051)
('34.png', 6071, 1473, 1002018, 39014, 0.231)
('37.png', 4065, 1117, 993818, 49576, 0.138)
('42.png', 10125, 4585, 1009238, 24628, 0.409)
('49.png', 1804, 1302, 1004909, 40561, 0.079)
('53.png', 5008, 2632, 995484, 45452, 0.172)
('90.png', 818, 915, 1006949, 39894, 0.039)
('meanDice', 0.161)
/dataAVO/HRF/targetArteries/1024x1024/test/ ==> /inferenceEval/predNoDA/predZeroS_A/DR_DU_LE/
colorMode : Grayscale
daMode : ['noDA']
imageToTensor length: 40
('imgName', 'TP', 'FP', 'TN', 'FN', 'DICE')
('1.png', 11750, 91848, 936936, 8042, 0.19)
('10.png', 18967, 53216, 967219, 9174, 0.378)
('11.png', 13929, 150351, 864398, 19898, 0.141)
('12.png', 15256, 282719, 713465, 37136, 0.087)
('13.png', 13381, 293682, 718415, 23098, 0.078)
('14.png', 21513, 60615, 952686, 13762, 0.366)
('15.png', 27552, 59117, 944204, 17703, 0.418)
('16.png', 15877, 235617, 779110, 17972, 0.111)
('17.png', 20001, 60268, 949380, 18927, 0.336)
('18.png', 36698, 71272, 923471, 17135, 0.454)
('19.png', 32521, 51153, 954404, 10498, 0.513)
('2.png', 19907, 128724, 882557, 17388, 0.214)
('20.png', 22897, 69219, 945376, 11084, 0.363)
('21.png', 17647, 310647, 689834, 30448, 0.094)
('22.png', 21775, 55415, 955522, 15864, 0.379)
('23.png', 24166, 71700, 941456, 11254, 0.368)
('24.png', 20319, 227722, 768953, 31582, 0.135)
('25.png', 15449, 81785, 938169, 13173, 0.246)
('26.png', 22222, 44748, 968530, 13076, 0.435)
('27.png', 16377, 210021, 801463, 20715, 0.124)
('28.png', 19822, 150353, 850794, 27607, 0.182)
('29.png', 21342, 53266, 957893, 16075, 0.381)
('3.png', 36189, 125220, 865596, 21571, 0.33)
('30.png', 20127, 140050, 865804, 22595, 0.198)
('31.png', 24686, 138878, 863153, 21859, 0.235)
('32.png', 25546, 68279, 936748, 18003, 0.372)
('33.png', 19550, 157682, 841249, 30095, 0.172)
('34.png', 11393, 33518, 982614, 21051, 0.295)
('35.png', 31027, 62522, 937758, 17269, 0.437)
('36.png', 25879, 131223, 863168, 28306, 0.245)
('37.png', 11657, 35370, 980015, 21534, 0.291)
('38.png', 22787, 80997, 930749, 14043, 0.324)
('39.png', 16849, 195313, 805001, 31413, 0.129)
('4.png', 18294, 76139, 941739, 12404, 0.292)
('40.png', 26355, 60954, 952949, 8318, 0.432)
('5.png', 22249, 103877, 901609, 20841, 0.263)
('6.png', 38098, 87890, 907561, 15027, 0.425)
('7.png', 21682, 63447, 955348, 8099, 0.377)
('8.png', 11664, 111010, 907179, 18723, 0.152)
('9.png', 21495, 286031, 706729, 34321, 0.118)
('meanDice', 0.277)
/dataAVO/HRF/targetArteries/1024x1024/test/ ==> /inferenceEval/predNoDA/predFewS_A/DR_DU_LE/
colorMode : Grayscale
daMode : ['noDA']
imageToTensor length: 40
('imgName', 'TP', 'FP', 'TN', 'FN', 'DICE')
('1.png', 10567, 18987, 1009797, 9225, 0.428)
('10.png', 17831, 21271, 999164, 10310, 0.53)
('11.png', 13884, 9713, 1005036, 19943, 0.484)
('12.png', 20198, 8691, 987493, 32194, 0.497)
('13.png', 16564, 13675, 998422, 19915, 0.497)
('14.png', 19029, 15968, 997333, 16246, 0.542)
('15.png', 24721, 11188, 992133, 20534, 0.609)
('16.png', 11811, 17261, 997466, 22038, 0.375)
('17.png', 20116, 12893, 996755, 18812, 0.559)
('18.png', 32201, 14751, 979992, 21632, 0.639)
('19.png', 31131, 23357, 982200, 11888, 0.639)
('2.png', 19435, 14135, 997146, 17860, 0.549)
('20.png', 22197, 14701, 999894, 11784, 0.626)
('21.png', 18942, 10879, 989602, 29153, 0.486)
('22.png', 16975, 30784, 980153, 20664, 0.398)
('23.png', 21373, 18189, 994967, 14047, 0.57)
('24.png', 23642, 13009, 983666, 28259, 0.534)
('25.png', 10194, 9466, 1010488, 18428, 0.422)
('26.png', 21667, 19375, 993903, 13631, 0.568)
('27.png', 16749, 10875, 1000609, 20343, 0.518)
('28.png', 19620, 12004, 989143, 27809, 0.496)
('29.png', 21149, 18020, 993139, 16268, 0.552)
('3.png', 33006, 10602, 980214, 24754, 0.651)
('30.png', 18447, 11032, 994822, 24275, 0.511)
('31.png', 24552, 14074, 987957, 21993, 0.577)
('32.png', 24286, 16608, 988419, 19263, 0.575)
('33.png', 22923, 9355, 989576, 26722, 0.56)
('34.png', 13016, 20842, 995290, 19428, 0.393)
('35.png', 30506, 21664, 978616, 17790, 0.607)
('36.png', 27835, 13031, 981360, 26350, 0.586)
('37.png', 11576, 20474, 994911, 21615, 0.355)
('38.png', 18853, 12208, 999538, 17977, 0.555)
('39.png', 25242, 12979, 987335, 23020, 0.584)
('4.png', 16522, 16604, 1001274, 14176, 0.518)
('40.png', 23488, 31047, 982856, 11185, 0.527)
('5.png', 22352, 12480, 993006, 20738, 0.574)
('6.png', 34202, 12272, 983179, 18923, 0.687)
('7.png', 17407, 28153, 990642, 12374, 0.462)
('8.png', 10739, 7123, 1011066, 19648, 0.445)
('9.png', 22156, 10141, 982619, 33660, 0.503)
('meanDice', 0.53)
/dataAVO/HRF/targetArteries/1024x1024/test/ ==> /inferenceEval/predDA/predZeroS_A/DR_DU_LE/
colorMode : Grayscale
daMode : ['noDA']
imageToTensor length: 40
('imgName', 'TP', 'FP', 'TN', 'FN', 'DICE')
('1.png', 7884, 43453, 985331, 11908, 0.222)
('10.png', 12900, 27041, 993394, 15241, 0.379)
('11.png', 18306, 147533, 867216, 15521, 0.183)
('12.png', 41040, 424290, 571894, 11352, 0.159)
('13.png', 25834, 324526, 687571, 10645, 0.134)
('14.png', 15013, 32720, 980581, 20262, 0.362)
('15.png', 22267, 34932, 968389, 22988, 0.435)
('16.png', 22924, 282196, 732531, 10925, 0.135)
('17.png', 19298, 33487, 976161, 19630, 0.421)
('18.png', 30936, 39983, 954760, 22897, 0.496)
('19.png', 30099, 36661, 968896, 12920, 0.548)
('2.png', 20577, 101031, 910250, 16718, 0.259)
('20.png', 17891, 39480, 975115, 16090, 0.392)
('21.png', 31930, 283414, 717067, 16165, 0.176)
('22.png', 23856, 49232, 961705, 13783, 0.431)
('23.png', 19945, 34829, 978327, 15475, 0.442)
('24.png', 35218, 256097, 740578, 16683, 0.205)
('25.png', 9637, 28132, 991822, 18985, 0.29)
('26.png', 18951, 21778, 991500, 16347, 0.499)
('27.png', 24657, 261976, 749508, 12435, 0.152)
('28.png', 20551, 102168, 898979, 26878, 0.242)
('29.png', 23016, 31408, 979751, 14401, 0.501)
('3.png', 35322, 80057, 910759, 22438, 0.408)
('30.png', 24738, 134889, 870965, 17984, 0.245)
('31.png', 23477, 99097, 902934, 23068, 0.278)
('32.png', 22460, 50337, 954690, 21089, 0.386)
('33.png', 28723, 116322, 882609, 20922, 0.295)
('34.png', 16409, 22706, 993426, 16035, 0.459)
('35.png', 27644, 30917, 969363, 20652, 0.517)
('36.png', 31707, 56154, 938237, 22478, 0.446)
('37.png', 16314, 25579, 989806, 16877, 0.435)
('38.png', 16085, 38660, 973086, 20745, 0.351)
('39.png', 26783, 122025, 878289, 21479, 0.272)
('4.png', 12971, 43733, 974145, 17727, 0.297)
('40.png', 25578, 41817, 972086, 9095, 0.501)
('5.png', 21298, 67177, 938309, 21792, 0.324)
('6.png', 32861, 32935, 962516, 20264, 0.553)
('7.png', 19161, 40508, 978287, 10620, 0.428)
('8.png', 13019, 86973, 931216, 17368, 0.2)
('9.png', 41860, 431671, 561089, 13956, 0.158)
('meanDice', 0.34)
/dataAVO/HRF/targetArteries/1024x1024/test/ ==> /inferenceEval/predDA/predFewS_A/DR_DU_LE/
colorMode : Grayscale
daMode : ['noDA']
imageToTensor length: 40
('imgName', 'TP', 'FP', 'TN', 'FN', 'DICE')
('1.png', 13348, 34020, 994764, 6444, 0.397)
('10.png', 19105, 25844, 994591, 9036, 0.523)
('11.png', 15835, 12776, 1001973, 17992, 0.507)
('12.png', 37136, 15152, 981032, 15256, 0.71)
('13.png', 26798, 28448, 983649, 9681, 0.584)
('14.png', 23195, 26118, 987183, 12080, 0.548)
('15.png', 29299, 20119, 983202, 15956, 0.619)
('16.png', 18198, 38343, 976384, 15651, 0.403)
('17.png', 26114, 28867, 980781, 12814, 0.556)
('18.png', 35324, 20643, 974100, 18509, 0.643)
('19.png', 31305, 26675, 978882, 11714, 0.62)
('2.png', 25923, 31334, 979947, 11372, 0.548)
('20.png', 22984, 22786, 991809, 10997, 0.576)
('21.png', 30116, 36995, 963486, 17979, 0.523)
('22.png', 19268, 36215, 974722, 18371, 0.414)
('23.png', 22568, 32259, 980897, 12852, 0.5)
('24.png', 36479, 37929, 958746, 15422, 0.578)
('25.png', 10859, 9727, 1010227, 17763, 0.441)
('26.png', 22039, 20435, 992843, 13259, 0.567)
('27.png', 20486, 21870, 989614, 16606, 0.516)
('28.png', 31356, 24936, 976211, 16073, 0.605)
('29.png', 21064, 26063, 985096, 16353, 0.498)
('3.png', 39391, 15361, 975455, 18369, 0.7)
('30.png', 28917, 28904, 976950, 13805, 0.575)
('31.png', 31931, 25291, 976740, 14614, 0.615)
('32.png', 27995, 28880, 976147, 15554, 0.558)
('33.png', 34845, 17475, 981456, 14800, 0.683)
('34.png', 9763, 19711, 996421, 22681, 0.315)
('35.png', 32280, 34586, 965694, 16016, 0.561)
('36.png', 39299, 15227, 979164, 14886, 0.723)
('37.png', 9722, 17779, 997606, 23469, 0.32)
('38.png', 22975, 17440, 994306, 13855, 0.595)
('39.png', 34881, 14807, 985507, 13381, 0.712)
('4.png', 19554, 23652, 994226, 11144, 0.529)
('40.png', 23834, 31906, 981997, 10839, 0.527)
('5.png', 31168, 26415, 979071, 11922, 0.619)
('6.png', 40298, 14749, 980702, 12827, 0.745)
('7.png', 21260, 33814, 984981, 8521, 0.501)
('8.png', 12105, 6340, 1011849, 18282, 0.496)
('9.png', 34478, 18777, 973983, 21338, 0.632)
('meanDice', 0.557)
/dataAVO/DUALMODAL2019/targetArteries/1024x1024/test/ ==> /inferenceEval/predNoDA/predZeroS_A/DR_HR_LE/
colorMode : Grayscale
daMode : ['noDA']
imageToTensor length: 25
('imgName', 'TP', 'FP', 'TN', 'FN', 'DICE')
('1.png', 22545, 10473, 1002287, 13271, 0.655)
('10.png', 24261, 11877, 1000061, 12377, 0.667)
('11.png', 23109, 8026, 1001371, 16070, 0.657)
('12.png', 20678, 9918, 1004791, 13189, 0.642)
('13.png', 20860, 13995, 1004102, 9619, 0.639)
('14.png', 27980, 12808, 994694, 13094, 0.684)
('15.png', 15235, 8576, 1015564, 9201, 0.632)
('16.png', 14353, 12748, 1009184, 12291, 0.534)
('17.png', 23315, 13033, 1000488, 11740, 0.653)
('18.png', 16423, 10033, 1011284, 10836, 0.611)
('19.png', 18022, 10644, 1010605, 9305, 0.644)
('2.png', 5456, 5449, 1015218, 22453, 0.281)
('20.png', 24762, 9911, 1000374, 13529, 0.679)
('21.png', 14901, 10468, 1012521, 10686, 0.585)
('22.png', 21094, 9240, 1003995, 14247, 0.642)
('23.png', 28511, 10239, 997220, 12606, 0.714)
('24.png', 22102, 11037, 1003251, 12186, 0.656)
('25.png', 20670, 12529, 1000916, 14461, 0.605)
('3.png', 23027, 10240, 1003396, 11913, 0.675)
('4.png', 13849, 10485, 1014216, 10026, 0.575)
('5.png', 26386, 11973, 998426, 11791, 0.69)
('6.png', 9459, 5468, 1013529, 20120, 0.425)
('7.png', 21404, 12185, 1007496, 7491, 0.685)
('8.png', 22548, 9246, 1002522, 14260, 0.657)
('9.png', 17840, 11886, 1009800, 9050, 0.63)
('meanDice', 0.621)
/dataAVO/DUALMODAL2019/targetArteries/1024x1024/test/ ==> /inferenceEval/predNoDA/predFewS_A/DR_HR_LE/
colorMode : Grayscale
daMode : ['noDA']
imageToTensor length: 25
('imgName', 'TP', 'FP', 'TN', 'FN', 'DICE')
('1.png', 26912, 17500, 995260, 8904, 0.671)
('10.png', 26262, 18894, 993044, 10376, 0.642)
('11.png', 23592, 12760, 996637, 15587, 0.625)
('12.png', 22765, 16298, 998411, 11102, 0.624)
('13.png', 23602, 21696, 996401, 6877, 0.623)
('14.png', 31585, 17914, 989588, 9489, 0.697)
('15.png', 17569, 17126, 1007014, 6867, 0.594)
('16.png', 14608, 16593, 1005339, 12036, 0.505)
('17.png', 25534, 19108, 994413, 9521, 0.641)
('18.png', 19551, 15565, 1005752, 7708, 0.627)
('19.png', 16845, 15833, 1005416, 10482, 0.561)
('2.png', 11798, 16423, 1004244, 16111, 0.42)
('20.png', 23212, 10489, 999796, 15079, 0.645)
('21.png', 18758, 19154, 1003835, 6829, 0.591)
('22.png', 27694, 13706, 999529, 7647, 0.722)
('23.png', 31230, 15875, 991584, 9887, 0.708)
('24.png', 20562, 15802, 998486, 13726, 0.582)
('25.png', 24632, 18860, 994585, 10499, 0.627)
('3.png', 26887, 14507, 999129, 8053, 0.704)
('4.png', 15805, 15621, 1009080, 8070, 0.572)
('5.png', 27643, 18114, 992285, 10534, 0.659)
('6.png', 11686, 12866, 1006131, 17893, 0.432)
('7.png', 19755, 15751, 1003930, 9140, 0.613)
('8.png', 24838, 13350, 998418, 11970, 0.662)
('9.png', 19763, 16945, 1004741, 7127, 0.621)
('meanDice', 0.615)
/dataAVO/DUALMODAL2019/targetArteries/1024x1024/test/ ==> /inferenceEval/predDA/predZeroS_A/DR_HR_LE/
colorMode : Grayscale
daMode : ['noDA']
imageToTensor length: 25
('imgName', 'TP', 'FP', 'TN', 'FN', 'DICE')
('1.png', 25925, 12366, 1000394, 9891, 0.7)
('10.png', 29428, 14549, 997389, 7210, 0.73)
('11.png', 28639, 9812, 999585, 10540, 0.738)
('12.png', 22425, 12484, 1002225, 11442, 0.652)
('13.png', 22422, 13075, 1005022, 8057, 0.68)
('14.png', 31560, 14829, 992673, 9514, 0.722)
('15.png', 17922, 14586, 1009554, 6514, 0.629)
('16.png', 14321, 12534, 1009398, 12323, 0.535)
('17.png', 27328, 17923, 995598, 7727, 0.681)
('18.png', 19625, 12842, 1008475, 7634, 0.657)
('19.png', 16617, 8800, 1012449, 10710, 0.63)
('2.png', 12542, 11358, 1009309, 15367, 0.484)
('20.png', 23701, 7611, 1002674, 14590, 0.681)
('21.png', 18938, 12564, 1010425, 6649, 0.663)
('22.png', 25491, 9627, 1003608, 9850, 0.724)
('23.png', 31883, 11198, 996261, 9234, 0.757)
('24.png', 24205, 12513, 1001775, 10083, 0.682)
('25.png', 25549, 16600, 996845, 9582, 0.661)
('3.png', 25870, 11153, 1002483, 9070, 0.719)
('4.png', 14769, 11101, 1013600, 9106, 0.594)
('5.png', 28303, 12244, 998155, 9874, 0.719)
('6.png', 11789, 8792, 1010205, 17790, 0.47)
('7.png', 17634, 10140, 1009541, 11261, 0.622)
('8.png', 25193, 11127, 1000641, 11615, 0.689)
('9.png', 20418, 12975, 1008711, 6472, 0.677)
('meanDice', 0.66)
/dataAVO/DUALMODAL2019/targetArteries/1024x1024/test/ ==> /inferenceEval/predDA/predFewS_A/DR_HR_LE/
colorMode : Grayscale
daMode : ['noDA']
imageToTensor length: 25
('imgName', 'TP', 'FP', 'TN', 'FN', 'DICE')
('1.png', 26085, 10726, 1002034, 9731, 0.718)
('10.png', 29200, 12826, 999112, 7438, 0.742)
('11.png', 27708, 9684, 999713, 11471, 0.724)
('12.png', 20990, 10411, 1004298, 12877, 0.643)
('13.png', 24321, 13577, 1004520, 6158, 0.711)
('14.png', 29859, 11086, 996416, 11215, 0.728)
('15.png', 16965, 10100, 1014040, 7471, 0.659)
('16.png', 14193, 15895, 1006037, 12451, 0.5)
('17.png', 26568, 16314, 997207, 8487, 0.682)
('18.png', 18298, 10514, 1010803, 8961, 0.653)
('19.png', 18733, 10610, 1010639, 8594, 0.661)
('2.png', 7424, 7636, 1013031, 20485, 0.346)
('20.png', 21696, 7580, 1002705, 16595, 0.642)
('21.png', 19107, 15158, 1007831, 6480, 0.638)
('22.png', 21706, 8727, 1004508, 13635, 0.66)
('23.png', 30543, 9900, 997559, 10574, 0.749)
('24.png', 24046, 11288, 1003000, 10242, 0.691)
('25.png', 21178, 11812, 1001633, 13953, 0.622)
('3.png', 25460, 9635, 1004001, 9480, 0.727)
('4.png', 15514, 13144, 1011557, 8361, 0.591)
('5.png', 26883, 10745, 999654, 11294, 0.709)
('6.png', 10520, 5271, 1013726, 19059, 0.464)
('7.png', 21997, 14078, 1005603, 6898, 0.677)
('8.png', 25568, 11334, 1000434, 11240, 0.694)
('9.png', 19939, 14413, 1007273, 6951, 0.651)
('meanDice', 0.651)
/dataAVO/DRIVE_RETA/targetArteries/1024x1024/test/ ==> /inferenceEval/predNoDA/predZeroS_A/DU_HR_LE/
colorMode : Grayscale
daMode : ['noDA']
imageToTensor length: 35
('imgName', 'TP', 'FP', 'TN', 'FN', 'DICE')
('01.png', 17695, 6410, 991654, 32817, 0.474)
('02.png', 33012, 40182, 952611, 22771, 0.512)
('03.png', 13789, 17255, 985114, 32418, 0.357)
('04.png', 31255, 25431, 972381, 19509, 0.582)
('05.png', 25816, 34757, 964804, 23199, 0.471)
('06.png', 12786, 7363, 992564, 35863, 0.372)
('07.png', 12399, 24898, 993354, 17925, 0.367)
('08.png', 20099, 28765, 981858, 17854, 0.463)
('09.png', 8167, 20524, 988836, 31049, 0.241)
('10.png', 19686, 12416, 996017, 20457, 0.545)
('11.png', 27021, 29432, 971659, 20464, 0.52)
('12.png', 22867, 22390, 986315, 17004, 0.537)
('13.png', 18665, 6648, 984632, 38631, 0.452)
('14.png', 28330, 42509, 961403, 16334, 0.491)
('15.png', 25077, 47325, 955642, 20532, 0.425)
('16.png', 19658, 25012, 978315, 25591, 0.437)
('17.png', 10214, 15983, 995202, 27177, 0.321)
('18.png', 27430, 20598, 974207, 26341, 0.539)
('19.png', 20580, 3302, 985219, 39475, 0.49)
('20.png', 20610, 11776, 986869, 29321, 0.501)
('21.png', 19013, 11720, 996548, 21295, 0.535)
('22.png', 23490, 22071, 978412, 24603, 0.502)
('23.png', 23119, 27253, 979817, 18387, 0.503)
('24.png', 24416, 38503, 953458, 32199, 0.409)
('25.png', 17892, 13331, 988025, 29328, 0.456)
('26.png', 19796, 10227, 991891, 26662, 0.518)
('27.png', 25386, 26795, 976644, 19751, 0.522)
('28.png', 16418, 7022, 994343, 30793, 0.465)
('29.png', 20232, 19997, 984271, 24076, 0.479)
('30.png', 15981, 15195, 993224, 24176, 0.448)
('31.png', 16618, 21983, 992784, 17191, 0.459)
('32.png', 15259, 20064, 983530, 29723, 0.38)
('33.png', 19450, 22738, 985190, 21198, 0.47)
('34.png', 6451, 22143, 1003245, 16737, 0.249)
('35.png', 29173, 20734, 977775, 20894, 0.584)
('meanDice', 0.459)
/dataAVO/DRIVE_RETA/targetArteries/1024x1024/test/ ==> /inferenceEval/predNoDA/predFewS_A/DU_HR_LE/
colorMode : Grayscale
daMode : ['noDA']
imageToTensor length: 35
('imgName', 'TP', 'FP', 'TN', 'FN', 'DICE')
('01.png', 17241, 6517, 991547, 33271, 0.464)
('02.png', 22243, 16987, 975806, 33540, 0.468)
('03.png', 14194, 9457, 992912, 32013, 0.406)
('04.png', 17750, 8557, 989255, 33014, 0.461)
('05.png', 14746, 16451, 983110, 34269, 0.368)
('06.png', 14544, 5555, 994372, 34105, 0.423)
('07.png', 10247, 11368, 1006884, 20077, 0.395)
('08.png', 9630, 7163, 1003460, 28323, 0.352)
('09.png', 5207, 12826, 996534, 34009, 0.182)
('10.png', 17469, 7840, 1000593, 22674, 0.534)
('11.png', 24223, 20520, 980571, 23262, 0.525)
('12.png', 15113, 8929, 999776, 24758, 0.473)
('13.png', 24092, 7493, 983787, 33204, 0.542)
('14.png', 14433, 13394, 990518, 30231, 0.398)
('15.png', 10586, 8494, 994473, 35023, 0.327)
('16.png', 16721, 14233, 989094, 28528, 0.439)
('17.png', 9901, 11317, 999868, 27490, 0.338)
('18.png', 22565, 6948, 987857, 31206, 0.542)
('19.png', 25861, 4778, 983743, 34194, 0.57)
('20.png', 17248, 9033, 989612, 32683, 0.453)
('21.png', 17666, 15308, 992960, 22642, 0.482)
('22.png', 16427, 9636, 990847, 31666, 0.443)
('23.png', 8819, 13627, 993443, 32687, 0.276)
('24.png', 14390, 21723, 970238, 42225, 0.31)
('25.png', 11848, 6150, 995206, 35372, 0.363)
('26.png', 19252, 4890, 997228, 27206, 0.545)
('27.png', 19216, 12355, 991084, 25921, 0.501)
('28.png', 17011, 7797, 993568, 30200, 0.472)
('29.png', 12554, 12435, 991833, 31754, 0.362)
('30.png', 14427, 5028, 1003391, 25730, 0.484)
('31.png', 8161, 9309, 1005458, 25648, 0.318)
('32.png', 13208, 14990, 988604, 31774, 0.361)
('33.png', 17255, 12697, 995231, 23393, 0.489)
('34.png', 2570, 9212, 1016176, 20618, 0.147)
('35.png', 20442, 8825, 989684, 29625, 0.515)
('meanDice', 0.421)
/dataAVO/DRIVE_RETA/targetArteries/1024x1024/test/ ==> /inferenceEval/predDA/predZeroS_A/DU_HR_LE/
colorMode : Grayscale
daMode : ['noDA']
imageToTensor length: 35
('imgName', 'TP', 'FP', 'TN', 'FN', 'DICE')
('01.png', 14224, 4264, 993800, 36288, 0.412)
('02.png', 34212, 31050, 961743, 21571, 0.565)
('03.png', 16017, 13485, 988884, 30190, 0.423)
('04.png', 29199, 10176, 987636, 21565, 0.648)
('05.png', 23212, 32729, 966832, 25803, 0.442)
('06.png', 8196, 2023, 997904, 40453, 0.278)
('07.png', 11447, 9471, 1008781, 18877, 0.447)
('08.png', 13769, 18139, 992484, 24184, 0.394)
('09.png', 8682, 13527, 995833, 30534, 0.283)
('10.png', 15597, 5629, 1002804, 24546, 0.508)
('11.png', 23049, 14571, 986520, 24436, 0.542)
('12.png', 21169, 8479, 1000226, 18702, 0.609)
('13.png', 17561, 938, 990342, 39735, 0.463)
('14.png', 25500, 20505, 983407, 19164, 0.562)
('15.png', 17394, 34254, 968713, 28215, 0.358)
('16.png', 18111, 15034, 988293, 27138, 0.462)
('17.png', 11960, 9883, 1001302, 25431, 0.404)
('18.png', 26719, 13889, 980916, 27052, 0.566)
('19.png', 16808, 2166, 986355, 43247, 0.425)
('20.png', 16704, 3654, 994991, 33227, 0.475)
('21.png', 15669, 5108, 1003160, 24639, 0.513)
('22.png', 21833, 9417, 991066, 26260, 0.55)
('23.png', 23820, 24369, 982701, 17686, 0.531)
('24.png', 23345, 25716, 966245, 33270, 0.442)
('25.png', 15355, 6124, 995232, 31865, 0.447)
('26.png', 16850, 2899, 999219, 29608, 0.509)
('27.png', 22895, 9371, 994068, 22242, 0.592)
('28.png', 12210, 1892, 999473, 35001, 0.398)
('29.png', 10735, 8493, 995775, 33573, 0.338)
('30.png', 10170, 4107, 1004312, 29987, 0.374)
('31.png', 17736, 13620, 1001147, 16073, 0.544)
('32.png', 15462, 11422, 992172, 29520, 0.43)
('33.png', 17206, 11386, 996542, 23442, 0.497)
('34.png', 6252, 10097, 1015291, 16936, 0.316)
('35.png', 22364, 6571, 991938, 27703, 0.566)
('meanDice', 0.466)
/dataAVO/DRIVE_RETA/targetArteries/1024x1024/test/ ==> /inferenceEval/predDA/predFewS_A/DU_HR_LE/
colorMode : Grayscale
daMode : ['noDA']
imageToTensor length: 35
('imgName', 'TP', 'FP', 'TN', 'FN', 'DICE')
('01.png', 17819, 2448, 995616, 32693, 0.504)
('02.png', 35145, 31757, 961036, 20638, 0.573)
('03.png', 14095, 14053, 988316, 32112, 0.379)
('04.png', 33244, 13587, 984225, 17520, 0.681)
('05.png', 19304, 19404, 980157, 29711, 0.44)
('06.png', 12777, 2295, 997632, 35872, 0.401)
('07.png', 17478, 26257, 991995, 12846, 0.472)
('08.png', 20244, 20064, 990559, 17709, 0.517)
('09.png', 9082, 9216, 1000144, 30134, 0.316)
('10.png', 22244, 12774, 995659, 17899, 0.592)
('11.png', 29961, 24184, 976907, 17524, 0.59)
('12.png', 26539, 17390, 991315, 13332, 0.633)
('13.png', 21519, 2151, 989129, 35777, 0.532)
('14.png', 27897, 21798, 982114, 16767, 0.591)
('15.png', 13487, 5974, 996993, 32122, 0.415)
('16.png', 20984, 13433, 989894, 24265, 0.527)
('17.png', 12689, 6315, 1004870, 24702, 0.45)
('18.png', 29701, 13824, 980981, 24070, 0.611)
('19.png', 24244, 2267, 986254, 35811, 0.56)
('20.png', 24315, 8789, 989856, 25616, 0.586)
('21.png', 19987, 5699, 1002569, 20321, 0.606)
('22.png', 25480, 13660, 986823, 22613, 0.584)
('23.png', 21882, 21785, 985285, 19624, 0.514)
('24.png', 26312, 26792, 965169, 30303, 0.48)
('25.png', 21103, 9060, 992296, 26117, 0.545)
('26.png', 23425, 5140, 996978, 23033, 0.624)
('27.png', 26959, 13991, 989448, 18178, 0.626)
('28.png', 15541, 1102, 1000263, 31670, 0.487)
('29.png', 18804, 10294, 993974, 25504, 0.512)
('30.png', 13672, 7111, 1001308, 26485, 0.449)
('31.png', 16076, 13433, 1001334, 17733, 0.508)
('32.png', 18331, 9565, 994029, 26651, 0.503)
('33.png', 18997, 9208, 998720, 21651, 0.552)
('34.png', 3377, 6740, 1018648, 19811, 0.203)
('35.png', 31273, 12130, 986379, 18794, 0.669)
('meanDice', 0.521)
