/dataAVO/LESAV/targetVeins/1024x1024/test/ ==> /inferenceTrain/predNoDA/predZeroS_V/DR_DU_HR/
colorMode : Grayscale
daMode : ['noDA']
imageToTensor length: 17
('imgName', 'TP', 'FP', 'TN', 'FN', 'DICE')
('111.png', 19539, 8475, 1006822, 13740, 0.638)
('119.png', 20385, 11056, 1007444, 9691, 0.663)
('12.png', 24982, 6782, 1004397, 12415, 0.722)
('15.png', 26337, 10958, 996750, 14531, 0.674)
('224.png', 32764, 3825, 988836, 23151, 0.708)
('240.png', 26719, 2797, 1007073, 11987, 0.783)
('275.png', 28448, 5956, 1000391, 13781, 0.742)
('279.png', 27653, 4600, 999224, 17099, 0.718)
('304.png', 13910, 8745, 1013551, 12370, 0.569)
('318.png', 22591, 8202, 1005418, 12365, 0.687)
('33.png', 27534, 7391, 987809, 25842, 0.624)
('34.png', 25937, 4559, 999492, 18588, 0.691)
('37.png', 32833, 5107, 983700, 26936, 0.672)
('42.png', 32165, 4723, 1002799, 8889, 0.825)
('49.png', 24224, 6653, 994501, 23198, 0.619)
('53.png', 27858, 6277, 996557, 17884, 0.698)
('90.png', 25704, 9968, 998994, 13910, 0.683)
('meanDice', 0.689)
/dataAVO/LESAV/targetVeins/1024x1024/test/ ==> /inferenceTrain/predNoDA/predFewS_V/DR_DU_HR/
colorMode : Grayscale
daMode : ['noDA']
imageToTensor length: 17
('imgName', 'TP', 'FP', 'TN', 'FN', 'DICE')
('111.png', 22826, 9418, 1005879, 10453, 0.697)
('119.png', 21455, 12719, 1005781, 8621, 0.668)
('12.png', 27792, 9456, 1001723, 9605, 0.745)
('15.png', 29000, 9663, 998045, 11868, 0.729)
('224.png', 37918, 5625, 987036, 17997, 0.762)
('240.png', 30001, 5719, 1004151, 8705, 0.806)
('275.png', 30878, 5582, 1000765, 11351, 0.785)
('279.png', 33370, 6973, 996851, 11382, 0.784)
('304.png', 16060, 10448, 1011848, 10220, 0.608)
('318.png', 25344, 6000, 1007620, 9612, 0.765)
('33.png', 33298, 8621, 986579, 20078, 0.699)
('34.png', 30435, 8312, 995739, 14090, 0.731)
('37.png', 38914, 7061, 981746, 20855, 0.736)
('42.png', 33921, 5345, 1002177, 7133, 0.845)
('49.png', 31759, 7582, 993572, 15663, 0.732)
('53.png', 28901, 5565, 997269, 16841, 0.721)
('90.png', 29141, 8794, 1000168, 10473, 0.752)
('meanDice', 0.739)
/dataAVO/LESAV/targetVeins/1024x1024/test/ ==> /inferenceTrain/predDA/predZeroS_V/DR_DU_HR/
colorMode : Grayscale
daMode : ['noDA']
imageToTensor length: 17
('imgName', 'TP', 'FP', 'TN', 'FN', 'DICE')
('111.png', 20832, 9027, 1006270, 12447, 0.66)
('119.png', 21771, 7224, 1011276, 8305, 0.737)
('12.png', 25796, 3631, 1007548, 11601, 0.772)
('15.png', 27109, 11448, 996260, 13759, 0.683)
('224.png', 37278, 7876, 984785, 18637, 0.738)
('240.png', 28293, 6249, 1003621, 10413, 0.773)
('275.png', 31642, 4803, 1001544, 10587, 0.804)
('279.png', 31240, 7535, 996289, 13512, 0.748)
('304.png', 10979, 12201, 1010095, 15301, 0.444)
('318.png', 22932, 9364, 1004256, 12024, 0.682)
('33.png', 25930, 7631, 987569, 27446, 0.597)
('34.png', 24513, 3835, 1000216, 20012, 0.673)
('37.png', 33868, 10058, 978749, 25901, 0.653)
('42.png', 32045, 6675, 1000847, 9009, 0.803)
('49.png', 23868, 6905, 994249, 23554, 0.61)
('53.png', 29753, 8330, 994504, 15989, 0.71)
('90.png', 26319, 7831, 1001131, 13295, 0.714)
('meanDice', 0.694)
/dataAVO/LESAV/targetVeins/1024x1024/test/ ==> /inferenceTrain/predDA/predFewS_V/DR_DU_HR/
colorMode : Grayscale
daMode : ['noDA']
imageToTensor length: 17
('imgName', 'TP', 'FP', 'TN', 'FN', 'DICE')
('111.png', 22753, 6066, 1009231, 10526, 0.733)
('119.png', 22295, 8691, 1009809, 7781, 0.73)
('12.png', 27723, 3576, 1007603, 9674, 0.807)
('15.png', 29748, 6165, 1001543, 11120, 0.775)
('224.png', 39212, 2762, 989899, 16703, 0.801)
('240.png', 29274, 2517, 1007353, 9432, 0.831)
('275.png', 29914, 1654, 1004693, 12315, 0.811)
('279.png', 32823, 3517, 1000307, 11929, 0.81)
('304.png', 16380, 4973, 1017323, 9900, 0.688)
('318.png', 25059, 3783, 1009837, 9897, 0.786)
('33.png', 30799, 3856, 991344, 22577, 0.7)
('34.png', 31361, 6584, 997467, 13164, 0.761)
('37.png', 36236, 3021, 985786, 23533, 0.732)
('42.png', 34162, 3892, 1003630, 6892, 0.864)
('49.png', 31049, 4378, 996776, 16373, 0.75)
('53.png', 30195, 2758, 1000076, 15547, 0.767)
('90.png', 26926, 5415, 1003547, 12688, 0.748)
('meanDice', 0.77)
/dataAVO/HRF/targetVeins/1024x1024/test/ ==> /inferenceTrain/predNoDA/predZeroS_V/DR_DU_LE/
colorMode : Grayscale
daMode : ['noDA']
imageToTensor length: 40
('imgName', 'TP', 'FP', 'TN', 'FN', 'DICE')
('1.png', 28685, 17725, 992915, 9251, 0.68)
('10.png', 21802, 20452, 990265, 16057, 0.544)
('11.png', 30005, 20339, 988576, 9656, 0.667)
('12.png', 32017, 16868, 975988, 23703, 0.612)
('13.png', 26064, 17498, 993367, 11647, 0.641)
('14.png', 27313, 19321, 990838, 11104, 0.642)
('15.png', 33852, 11666, 981903, 21155, 0.674)
('16.png', 26742, 18033, 990552, 13249, 0.631)
('17.png', 25781, 20886, 989138, 12771, 0.605)
('18.png', 35189, 13660, 977501, 22226, 0.662)
('19.png', 31112, 15769, 988145, 13550, 0.68)
('2.png', 29211, 18676, 986520, 14169, 0.64)
('20.png', 27093, 15787, 993794, 11902, 0.662)
('21.png', 32941, 15033, 983662, 16940, 0.673)
('22.png', 31865, 21322, 980759, 14630, 0.639)
('23.png', 28156, 20369, 984604, 15447, 0.611)
('24.png', 35459, 12152, 978564, 22401, 0.672)
('25.png', 31417, 17576, 986206, 13377, 0.67)
('26.png', 29578, 17071, 989642, 12285, 0.668)
('27.png', 31035, 10676, 990102, 16763, 0.693)
('28.png', 31627, 19100, 978871, 18978, 0.624)
('29.png', 29527, 13672, 991986, 13391, 0.686)
('3.png', 34391, 11549, 977631, 25005, 0.653)
('30.png', 30407, 14524, 985097, 18548, 0.648)
('31.png', 33228, 18343, 980285, 16720, 0.655)
('32.png', 27360, 17657, 987470, 16089, 0.619)
('33.png', 35593, 15014, 981554, 16415, 0.694)
('34.png', 27832, 17317, 989473, 13954, 0.64)
('35.png', 29513, 23062, 979409, 16592, 0.598)
('36.png', 37067, 12222, 977024, 22263, 0.683)
('37.png', 28516, 17244, 987785, 15031, 0.639)
('38.png', 27191, 15963, 987350, 18072, 0.615)
('39.png', 32267, 17661, 983883, 14765, 0.666)
('4.png', 30226, 18168, 987755, 12427, 0.664)
('40.png', 27351, 22696, 986378, 12151, 0.611)
('5.png', 29506, 21734, 982159, 15177, 0.615)
('6.png', 34777, 13767, 973911, 26121, 0.636)
('7.png', 24854, 23110, 985966, 14646, 0.568)
('8.png', 25938, 22862, 989629, 10147, 0.611)
('9.png', 31903, 13292, 975300, 28081, 0.607)
('meanDice', 0.642)
/dataAVO/HRF/targetVeins/1024x1024/test/ ==> /inferenceTrain/predNoDA/predFewS_V/DR_DU_LE/
colorMode : Grayscale
daMode : ['noDA']
imageToTensor length: 40
('imgName', 'TP', 'FP', 'TN', 'FN', 'DICE')
('1.png', 29710, 17125, 993515, 8226, 0.701)
('10.png', 23617, 11496, 999221, 14242, 0.647)
('11.png', 29070, 15913, 993002, 10591, 0.687)
('12.png', 32613, 10002, 982854, 23107, 0.663)
('13.png', 26995, 14232, 996633, 10716, 0.684)
('14.png', 27076, 12623, 997536, 11341, 0.693)
('15.png', 33957, 7850, 985719, 21050, 0.701)
('16.png', 27279, 12984, 995601, 12712, 0.68)
('17.png', 25539, 16575, 993449, 13013, 0.633)
('18.png', 34685, 11830, 979331, 22730, 0.667)
('19.png', 31003, 13107, 990807, 13659, 0.698)
('2.png', 28819, 15260, 989936, 14561, 0.659)
('20.png', 26189, 12212, 997369, 12806, 0.677)
('21.png', 34808, 9826, 988869, 15073, 0.737)
('22.png', 31604, 14013, 988068, 14891, 0.686)
('23.png', 28225, 12898, 992075, 15378, 0.666)
('24.png', 34078, 10683, 980033, 23782, 0.664)
('25.png', 31377, 14977, 988805, 13417, 0.688)
('26.png', 29763, 14763, 991950, 12100, 0.689)
('27.png', 32927, 9636, 991142, 14871, 0.729)
('28.png', 33134, 15012, 982959, 17471, 0.671)
('29.png', 29647, 12130, 993528, 13271, 0.7)
('3.png', 34056, 7663, 981517, 25340, 0.674)
('30.png', 30233, 7287, 992334, 18722, 0.699)
('31.png', 35008, 15739, 982889, 14940, 0.695)
('32.png', 29504, 13077, 992050, 13945, 0.686)
('33.png', 33648, 12375, 984193, 18360, 0.686)
('34.png', 29089, 16962, 989828, 12697, 0.662)
('35.png', 29771, 19172, 983299, 16334, 0.626)
('36.png', 35978, 10042, 979204, 23352, 0.683)
('37.png', 29842, 10217, 994812, 13705, 0.714)
('38.png', 28029, 13503, 989810, 17234, 0.646)
('39.png', 33073, 14759, 986785, 13959, 0.697)
('4.png', 30192, 11504, 994419, 12461, 0.716)
('40.png', 27354, 14585, 994489, 12148, 0.672)
('5.png', 29490, 15903, 987990, 15193, 0.655)
('6.png', 35900, 9673, 978005, 24998, 0.674)
('7.png', 24521, 14709, 994367, 14979, 0.623)
('8.png', 26303, 15581, 996910, 9782, 0.675)
('9.png', 35375, 9799, 978793, 24609, 0.673)
('meanDice', 0.679)
/dataAVO/HRF/targetVeins/1024x1024/test/ ==> /inferenceTrain/predDA/predZeroS_V/DR_DU_LE/
colorMode : Grayscale
daMode : ['noDA']
imageToTensor length: 40
('imgName', 'TP', 'FP', 'TN', 'FN', 'DICE')
('1.png', 29631, 22966, 987674, 8305, 0.655)
('10.png', 23791, 16474, 994243, 14068, 0.609)
('11.png', 30714, 21231, 987684, 8947, 0.671)
('12.png', 33493, 12301, 980555, 22227, 0.66)
('13.png', 29013, 21855, 989010, 8698, 0.655)
('14.png', 28096, 19934, 990225, 10321, 0.65)
('15.png', 36986, 15355, 978214, 18021, 0.689)
('16.png', 25756, 19671, 988914, 14235, 0.603)
('17.png', 27138, 23941, 986083, 11414, 0.606)
('18.png', 38041, 18572, 972589, 19374, 0.667)
('19.png', 32559, 19303, 984611, 12103, 0.675)
('2.png', 31732, 24733, 980463, 11648, 0.636)
('20.png', 26539, 13937, 995644, 12456, 0.668)
('21.png', 35839, 14440, 984255, 14042, 0.716)
('22.png', 33877, 20129, 981952, 12618, 0.674)
('23.png', 28409, 17640, 987333, 15194, 0.634)
('24.png', 39258, 15683, 975033, 18602, 0.696)
('25.png', 30869, 17160, 986622, 13925, 0.665)
('26.png', 31085, 19807, 986906, 10778, 0.67)
('27.png', 33954, 13122, 987656, 13844, 0.716)
('28.png', 35500, 21277, 976694, 15105, 0.661)
('29.png', 29532, 19087, 986571, 13386, 0.645)
('3.png', 32969, 6812, 982368, 26427, 0.665)
('30.png', 33649, 13429, 986192, 15306, 0.701)
('31.png', 37383, 22779, 975849, 12565, 0.679)
('32.png', 29594, 19758, 985369, 13855, 0.638)
('33.png', 36706, 19258, 977310, 15302, 0.68)
('34.png', 27897, 17572, 989218, 13889, 0.639)
('35.png', 31664, 21804, 980667, 14441, 0.636)
('36.png', 37379, 11774, 977472, 21951, 0.689)
('37.png', 29476, 14514, 990515, 14071, 0.673)
('38.png', 28454, 17969, 985344, 16809, 0.621)
('39.png', 30906, 13096, 988448, 16126, 0.679)
('4.png', 32267, 19471, 986452, 10386, 0.684)
('40.png', 28393, 20877, 988197, 11109, 0.64)
('5.png', 31618, 20306, 983587, 13065, 0.655)
('6.png', 33418, 6554, 981124, 27480, 0.663)
('7.png', 25060, 17865, 991211, 14440, 0.608)
('8.png', 26809, 21352, 991139, 9276, 0.636)
('9.png', 35230, 14934, 973658, 24754, 0.64)
('meanDice', 0.659)
/dataAVO/HRF/targetVeins/1024x1024/test/ ==> /inferenceTrain/predDA/predFewS_V/DR_DU_LE/
colorMode : Grayscale
daMode : ['noDA']
imageToTensor length: 40
('imgName', 'TP', 'FP', 'TN', 'FN', 'DICE')
('1.png', 27803, 11553, 999087, 10133, 0.719)
('10.png', 25645, 8448, 1002269, 12214, 0.713)
('11.png', 30511, 10911, 998004, 9150, 0.753)
('12.png', 36444, 6564, 986292, 19276, 0.738)
('13.png', 29458, 12025, 998840, 8253, 0.744)
('14.png', 29466, 10899, 999260, 8951, 0.748)
('15.png', 36638, 6293, 987276, 18369, 0.748)
('16.png', 26656, 11356, 997229, 13335, 0.683)
('17.png', 28084, 12060, 997964, 10468, 0.714)
('18.png', 37825, 6088, 985073, 19590, 0.747)
('19.png', 32941, 9423, 994491, 11721, 0.757)
('2.png', 31415, 13981, 991215, 11965, 0.708)
('20.png', 29400, 9423, 1000158, 9595, 0.756)
('21.png', 35964, 7027, 991668, 13917, 0.774)
('22.png', 32395, 8525, 993556, 14100, 0.741)
('23.png', 31969, 9889, 995084, 11634, 0.748)
('24.png', 38396, 6060, 984656, 19464, 0.751)
('25.png', 32191, 12073, 991709, 12603, 0.723)
('26.png', 32349, 11221, 995492, 9514, 0.757)
('27.png', 32843, 6159, 994619, 14955, 0.757)
('28.png', 35552, 11953, 986018, 15053, 0.725)
('29.png', 31882, 9531, 996127, 11036, 0.756)
('3.png', 36361, 5591, 983589, 23035, 0.718)
('30.png', 31837, 5465, 994156, 17118, 0.738)
('31.png', 36875, 10336, 988292, 13073, 0.759)
('32.png', 30935, 10135, 994992, 12514, 0.732)
('33.png', 38070, 8886, 987682, 13938, 0.769)
('34.png', 28257, 8805, 997985, 13529, 0.717)
('35.png', 31844, 10408, 992063, 14261, 0.721)
('36.png', 42747, 7084, 982162, 16583, 0.783)
('37.png', 31067, 8068, 996961, 12480, 0.751)
('38.png', 31480, 9539, 993774, 13783, 0.73)
('39.png', 37005, 10515, 991029, 10027, 0.783)
('4.png', 31276, 8791, 997132, 11377, 0.756)
('40.png', 28673, 8977, 1000097, 10829, 0.743)
('5.png', 31440, 12685, 991208, 13243, 0.708)
('6.png', 38867, 5695, 981983, 22031, 0.737)
('7.png', 25391, 8194, 1000882, 14109, 0.695)
('8.png', 29441, 16072, 996419, 6644, 0.722)
('9.png', 36943, 6775, 981817, 23041, 0.712)
('meanDice', 0.738)
/dataAVO/DUALMODAL2019/targetVeins/1024x1024/test/ ==> /inferenceTrain/predNoDA/predZeroS_V/DR_HR_LE/
colorMode : Grayscale
daMode : ['noDA']
imageToTensor length: 25
('imgName', 'TP', 'FP', 'TN', 'FN', 'DICE')
('1.png', 31399, 27743, 983547, 5887, 0.651)
('10.png', 32486, 22989, 988463, 4638, 0.702)
('11.png', 36505, 30037, 976252, 5782, 0.671)
('12.png', 27099, 28579, 986883, 6015, 0.61)
('13.png', 31770, 25451, 983512, 7843, 0.656)
('14.png', 33630, 23516, 981761, 9669, 0.67)
('15.png', 27758, 25378, 987984, 7456, 0.628)
('16.png', 31081, 28118, 981577, 7800, 0.634)
('17.png', 28515, 35665, 977366, 7030, 0.572)
('18.png', 26375, 28687, 991118, 2396, 0.629)
('19.png', 26658, 34120, 984022, 3776, 0.585)
('2.png', 26122, 25443, 988609, 8402, 0.607)
('20.png', 30684, 26760, 983420, 7712, 0.64)
('21.png', 22272, 28544, 992922, 4838, 0.572)
('22.png', 32054, 24057, 987081, 5384, 0.685)
('23.png', 32941, 27931, 978714, 8990, 0.641)
('24.png', 26899, 32117, 985571, 3989, 0.598)
('25.png', 34209, 27272, 982008, 5087, 0.679)
('3.png', 31263, 25884, 985490, 5939, 0.663)
('4.png', 26235, 33128, 985434, 3779, 0.587)
('5.png', 29261, 30361, 983866, 5088, 0.623)
('6.png', 19043, 26721, 994551, 8261, 0.521)
('7.png', 29797, 29001, 986461, 3317, 0.648)
('8.png', 34562, 27124, 982528, 4362, 0.687)
('9.png', 28650, 28792, 987862, 3272, 0.641)
('meanDice', 0.632)
/dataAVO/DUALMODAL2019/targetVeins/1024x1024/test/ ==> /inferenceTrain/predNoDA/predFewS_V/DR_HR_LE/
colorMode : Grayscale
daMode : ['noDA']
imageToTensor length: 25
('imgName', 'TP', 'FP', 'TN', 'FN', 'DICE')
('1.png', 31078, 14308, 996982, 6208, 0.752)
('10.png', 30815, 12921, 998531, 6309, 0.762)
('11.png', 34240, 14046, 992243, 8047, 0.756)
('12.png', 27769, 18794, 996668, 5345, 0.697)
('13.png', 31185, 15534, 993429, 8428, 0.722)
('14.png', 31455, 16701, 988576, 11844, 0.688)
('15.png', 27054, 14822, 998540, 8160, 0.702)
('16.png', 30077, 16157, 993538, 8804, 0.707)
('17.png', 29014, 21904, 991127, 6531, 0.671)
('18.png', 26252, 17836, 1001969, 2519, 0.721)
('19.png', 25963, 18218, 999924, 4471, 0.696)
('2.png', 25816, 19593, 994459, 8708, 0.646)
('20.png', 31573, 16571, 993609, 6823, 0.73)
('21.png', 22118, 18043, 1003423, 4992, 0.658)
('22.png', 30350, 11080, 1000058, 7088, 0.77)
('23.png', 31805, 17133, 989512, 10126, 0.7)
('24.png', 26289, 18088, 999600, 4599, 0.699)
('25.png', 31343, 13998, 995282, 7953, 0.741)
('3.png', 30302, 11918, 999456, 6900, 0.763)
('4.png', 26756, 21012, 997550, 3258, 0.688)
('5.png', 29065, 16148, 998079, 5284, 0.731)
('6.png', 18012, 17288, 1003984, 9292, 0.575)
('7.png', 29892, 15846, 999616, 3222, 0.758)
('8.png', 32507, 18489, 991163, 6417, 0.723)
('9.png', 27977, 14688, 1001966, 3945, 0.75)
('meanDice', 0.712)
/dataAVO/DUALMODAL2019/targetVeins/1024x1024/test/ ==> /inferenceTrain/predDA/predZeroS_V/DR_HR_LE/
colorMode : Grayscale
daMode : ['noDA']
imageToTensor length: 25
('imgName', 'TP', 'FP', 'TN', 'FN', 'DICE')
('1.png', 32492, 26763, 984527, 4794, 0.673)
('10.png', 33791, 24007, 987445, 3333, 0.712)
('11.png', 37569, 29450, 976839, 4718, 0.687)
('12.png', 29360, 29369, 986093, 3754, 0.639)
('13.png', 33307, 25252, 983711, 6306, 0.679)
('14.png', 35596, 26109, 979168, 7703, 0.678)
('15.png', 29942, 26190, 987172, 5272, 0.656)
('16.png', 33601, 30102, 979593, 5280, 0.655)
('17.png', 30230, 32750, 980281, 5315, 0.614)
('18.png', 27069, 27998, 991807, 1702, 0.646)
('19.png', 27060, 35152, 982990, 3374, 0.584)
('2.png', 25989, 25657, 988395, 8535, 0.603)
('20.png', 33745, 28093, 982087, 4651, 0.673)
('21.png', 22896, 31035, 990431, 4214, 0.565)
('22.png', 33867, 25653, 985485, 3571, 0.699)
('23.png', 37254, 27453, 979192, 4677, 0.699)
('24.png', 27938, 28890, 988798, 2950, 0.637)
('25.png', 34715, 25469, 983811, 4581, 0.698)
('3.png', 33381, 27187, 984187, 3821, 0.683)
('4.png', 26619, 36689, 981873, 3395, 0.57)
('5.png', 30354, 31165, 983062, 3995, 0.633)
('6.png', 20041, 25264, 996008, 7263, 0.552)
('7.png', 30645, 30627, 984835, 2469, 0.649)
('8.png', 35132, 29033, 980619, 3792, 0.682)
('9.png', 29745, 29647, 987007, 2177, 0.651)
('meanDice', 0.649)
/dataAVO/DUALMODAL2019/targetVeins/1024x1024/test/ ==> /inferenceTrain/predDA/predFewS_V/DR_HR_LE/
colorMode : Grayscale
daMode : ['noDA']
imageToTensor length: 25
('imgName', 'TP', 'FP', 'TN', 'FN', 'DICE')
('1.png', 28391, 6482, 1004808, 8895, 0.787)
('10.png', 30609, 6780, 1004672, 6515, 0.822)
('11.png', 31459, 6145, 1000144, 10828, 0.788)
('12.png', 27264, 9952, 1005510, 5850, 0.775)
('13.png', 29036, 5550, 1003413, 10577, 0.783)
('14.png', 32200, 5584, 999693, 11099, 0.794)
('15.png', 25667, 6334, 1007028, 9547, 0.764)
('16.png', 29651, 8094, 1001601, 9230, 0.774)
('17.png', 26946, 10000, 1003031, 8599, 0.743)
('18.png', 25119, 8831, 1010974, 3652, 0.801)
('19.png', 25093, 12226, 1005916, 5341, 0.741)
('2.png', 22090, 9108, 1004944, 12434, 0.672)
('20.png', 29666, 8188, 1001992, 8730, 0.778)
('21.png', 20236, 7192, 1014274, 6874, 0.742)
('22.png', 28246, 5275, 1005863, 9192, 0.796)
('23.png', 36016, 13011, 993634, 5915, 0.792)
('24.png', 23903, 8784, 1008904, 6985, 0.752)
('25.png', 29769, 5666, 1003614, 9527, 0.797)
('3.png', 29263, 3757, 1007617, 7939, 0.833)
('4.png', 24981, 11422, 1007140, 5033, 0.752)
('5.png', 27680, 8204, 1006023, 6669, 0.788)
('6.png', 16953, 9347, 1011925, 10351, 0.633)
('7.png', 28809, 8857, 1006605, 4305, 0.814)
('8.png', 31911, 10707, 998945, 7013, 0.783)
('9.png', 26000, 6505, 1010149, 5922, 0.807)
('meanDice', 0.772)
/dataAVO/DRIVE_RETA/targetVeins/1024x1024/test/ ==> /inferenceTrain/predNoDA/predZeroS_V/DU_HR_LE/
colorMode : Grayscale
daMode : ['noDA']
imageToTensor length: 35
('imgName', 'TP', 'FP', 'TN', 'FN', 'DICE')
('01.png', 31076, 7261, 986249, 23990, 0.665)
('02.png', 30814, 6928, 974253, 36581, 0.586)
('03.png', 31007, 4756, 982048, 30765, 0.636)
('04.png', 25698, 6318, 986984, 29576, 0.589)
('05.png', 25067, 7932, 993659, 21918, 0.627)
('06.png', 28598, 5372, 980613, 33993, 0.592)
('07.png', 28972, 4409, 987990, 27205, 0.647)
('08.png', 23520, 9313, 997005, 18738, 0.626)
('09.png', 28685, 5432, 987563, 26896, 0.64)
('10.png', 25147, 6872, 993934, 22623, 0.63)
('11.png', 27147, 10401, 982229, 28799, 0.581)
('12.png', 30852, 3167, 987279, 27278, 0.67)
('13.png', 31157, 6046, 976928, 34445, 0.606)
('14.png', 28055, 7423, 993209, 19889, 0.673)
('15.png', 22162, 8394, 999422, 18598, 0.622)
('16.png', 29703, 5248, 985892, 27733, 0.643)
('17.png', 28947, 3501, 990400, 25728, 0.665)
('18.png', 29322, 4211, 985557, 29486, 0.635)
('19.png', 30914, 4281, 981764, 31617, 0.633)
('20.png', 28292, 5028, 981923, 33333, 0.596)
('21.png', 29187, 8735, 990515, 20139, 0.669)
('22.png', 25263, 5709, 989083, 28521, 0.596)
('23.png', 13214, 17945, 996810, 20607, 0.407)
('24.png', 28540, 4565, 965064, 50407, 0.509)
('25.png', 26973, 3707, 984198, 33698, 0.591)
('26.png', 24680, 8176, 987738, 27982, 0.577)
('27.png', 28461, 5969, 985955, 28191, 0.625)
('28.png', 30820, 5047, 977345, 35364, 0.604)
('29.png', 26548, 5066, 990400, 26562, 0.627)
('30.png', 22941, 5681, 994524, 25430, 0.596)
('31.png', 17210, 8392, 1003646, 19328, 0.554)
('32.png', 27451, 4670, 995423, 21032, 0.681)
('33.png', 28902, 4609, 990246, 24819, 0.663)
('34.png', 16739, 10080, 1009553, 12204, 0.6)
('35.png', 31127, 4910, 986932, 25607, 0.671)
('meanDice', 0.615)
/dataAVO/DRIVE_RETA/targetVeins/1024x1024/test/ ==> /inferenceTrain/predNoDA/predFewS_V/DU_HR_LE/
colorMode : Grayscale
daMode : ['noDA']
imageToTensor length: 35
('imgName', 'TP', 'FP', 'TN', 'FN', 'DICE')
('01.png', 41339, 11571, 981939, 13727, 0.766)
('02.png', 38110, 9228, 971953, 29285, 0.664)
('03.png', 42470, 8260, 978544, 19302, 0.755)
('04.png', 34385, 10190, 983112, 20889, 0.689)
('05.png', 34977, 12205, 989386, 12008, 0.743)
('06.png', 40032, 8671, 977314, 22559, 0.719)
('07.png', 37559, 8795, 983604, 18618, 0.733)
('08.png', 28955, 14530, 991788, 13303, 0.675)
('09.png', 36524, 9107, 983888, 19057, 0.722)
('10.png', 31038, 12678, 988128, 16732, 0.679)
('11.png', 33780, 12983, 979647, 22166, 0.658)
('12.png', 41206, 8387, 982059, 16924, 0.765)
('13.png', 40101, 9667, 973307, 25501, 0.695)
('14.png', 35173, 13126, 987506, 12771, 0.731)
('15.png', 27411, 11223, 996593, 13349, 0.691)
('16.png', 41120, 8612, 982528, 16316, 0.767)
('17.png', 37217, 11188, 982713, 17458, 0.722)
('18.png', 38330, 7543, 982225, 20478, 0.732)
('19.png', 41876, 6988, 979057, 20655, 0.752)
('20.png', 36733, 8307, 978644, 24892, 0.689)
('21.png', 36334, 15727, 983523, 12992, 0.717)
('22.png', 35777, 9502, 985290, 18007, 0.722)
('23.png', 17817, 20267, 994488, 16004, 0.496)
('24.png', 39852, 8252, 961377, 39095, 0.627)
('25.png', 36669, 7178, 980727, 24002, 0.702)
('26.png', 34362, 10534, 985380, 18300, 0.704)
('27.png', 37229, 8751, 983173, 19423, 0.725)
('28.png', 41945, 9212, 973180, 24239, 0.715)
('29.png', 34006, 7536, 987930, 19104, 0.719)
('30.png', 29476, 9742, 990463, 18895, 0.673)
('31.png', 21107, 13024, 999014, 15431, 0.597)
('32.png', 36573, 11022, 989071, 11910, 0.761)
('33.png', 39097, 9270, 985585, 14624, 0.766)
('34.png', 18635, 15127, 1004506, 10308, 0.594)
('35.png', 37051, 7721, 984121, 19683, 0.73)
('meanDice', 0.703)
/dataAVO/DRIVE_RETA/targetVeins/1024x1024/test/ ==> /inferenceTrain/predDA/predZeroS_V/DU_HR_LE/
colorMode : Grayscale
daMode : ['noDA']
imageToTensor length: 35
('imgName', 'TP', 'FP', 'TN', 'FN', 'DICE')
('01.png', 27643, 3650, 989860, 27423, 0.64)
('02.png', 29153, 5230, 975951, 38242, 0.573)
('03.png', 29659, 3045, 983759, 32113, 0.628)
('04.png', 24422, 6498, 986804, 30852, 0.567)
('05.png', 23708, 6437, 995154, 23277, 0.615)
('06.png', 28470, 4699, 981286, 34121, 0.595)
('07.png', 25783, 4837, 987562, 30394, 0.594)
('08.png', 21252, 8953, 997365, 21006, 0.587)
('09.png', 26110, 5753, 987242, 29471, 0.597)
('10.png', 22037, 5023, 995783, 25733, 0.589)
('11.png', 23637, 7279, 985351, 32309, 0.544)
('12.png', 30516, 3539, 986907, 27614, 0.662)
('13.png', 26673, 5357, 977617, 38929, 0.546)
('14.png', 25509, 7972, 992660, 22435, 0.627)
('15.png', 21399, 6868, 1000948, 19361, 0.62)
('16.png', 27735, 4873, 986267, 29701, 0.616)
('17.png', 28840, 4748, 989153, 25835, 0.654)
('18.png', 29157, 6077, 983691, 29651, 0.62)
('19.png', 28574, 2602, 983443, 33957, 0.61)
('20.png', 25787, 4003, 982948, 35838, 0.564)
('21.png', 24785, 8774, 990476, 24541, 0.598)
('22.png', 22986, 5362, 989430, 30798, 0.56)
('23.png', 10925, 17233, 997522, 22896, 0.353)
('24.png', 27079, 4978, 964651, 51868, 0.488)
('25.png', 24537, 4101, 983804, 36134, 0.549)
('26.png', 24184, 4832, 991082, 28478, 0.592)
('27.png', 25777, 4970, 986954, 30875, 0.59)
('28.png', 27655, 3829, 978563, 38529, 0.566)
('29.png', 24660, 3289, 992177, 28450, 0.608)
('30.png', 20144, 5511, 994694, 28227, 0.544)
('31.png', 16225, 10145, 1001893, 20313, 0.516)
('32.png', 26867, 5533, 994560, 21616, 0.664)
('33.png', 26240, 4369, 990486, 27481, 0.622)
('34.png', 15289, 8896, 1010737, 13654, 0.576)
('35.png', 29585, 2760, 989082, 27149, 0.664)
('meanDice', 0.587)
/dataAVO/DRIVE_RETA/targetVeins/1024x1024/test/ ==> /inferenceTrain/predDA/predFewS_V/DU_HR_LE/
colorMode : Grayscale
daMode : ['noDA']
imageToTensor length: 35
('imgName', 'TP', 'FP', 'TN', 'FN', 'DICE')
('01.png', 43375, 12043, 981467, 11691, 0.785)
('02.png', 41019, 13317, 967864, 26376, 0.674)
('03.png', 43168, 7433, 979371, 18604, 0.768)
('04.png', 38137, 9159, 984143, 17137, 0.744)
('05.png', 35469, 14396, 987195, 11516, 0.732)
('06.png', 40433, 9752, 976233, 22158, 0.717)
('07.png', 39738, 10704, 981695, 16439, 0.745)
('08.png', 30057, 18758, 987560, 12201, 0.66)
('09.png', 38767, 8742, 984253, 16814, 0.752)
('10.png', 31917, 13249, 987557, 15853, 0.687)
('11.png', 35892, 19109, 973521, 20054, 0.647)
('12.png', 42318, 8058, 982388, 15812, 0.78)
('13.png', 43468, 10851, 972123, 22134, 0.725)
('14.png', 36262, 14895, 985737, 11682, 0.732)
('15.png', 29225, 15760, 992056, 11535, 0.682)
('16.png', 41184, 9064, 982076, 16252, 0.765)
('17.png', 39836, 10232, 983669, 14839, 0.761)
('18.png', 41677, 7445, 982323, 17131, 0.772)
('19.png', 44990, 8392, 977653, 17541, 0.776)
('20.png', 41029, 11273, 975678, 20596, 0.72)
('21.png', 37721, 14238, 985012, 11605, 0.745)
('22.png', 37796, 13184, 981608, 15988, 0.722)
('23.png', 17195, 25053, 989702, 16626, 0.452)
('24.png', 40982, 13760, 955869, 37965, 0.613)
('25.png', 37676, 6523, 981382, 22995, 0.719)
('26.png', 34074, 9675, 986239, 18588, 0.707)
('27.png', 39132, 11576, 980348, 17520, 0.729)
('28.png', 44125, 7894, 974498, 22059, 0.747)
('29.png', 37866, 11031, 984435, 15244, 0.742)
('30.png', 31021, 11850, 988355, 17350, 0.68)
('31.png', 22678, 16943, 995095, 13860, 0.596)
('32.png', 35580, 11539, 988554, 12903, 0.744)
('33.png', 40066, 11282, 983573, 13655, 0.763)
('34.png', 20229, 14710, 1004923, 8714, 0.633)
('35.png', 42220, 10085, 981757, 14514, 0.774)
('meanDice', 0.714)
