/dataAVO/LESAV/targetVeins/1024x1024/test/ ==> /inferenceEval/predNoDA/predZeroS_V/DR_DU_HR/
colorMode : Grayscale
daMode : ['noDA']
imageToTensor length: 17
('imgName', 'TP', 'FP', 'TN', 'FN', 'DICE')
('111.png', 14020, 5952, 1009345, 19259, 0.527)
('119.png', 17602, 9353, 1009147, 12474, 0.617)
('12.png', 20027, 12043, 999136, 17370, 0.577)
('15.png', 10122, 2591, 1005117, 30746, 0.378)
('224.png', 11703, 1152, 991509, 44212, 0.34)
('240.png', 16218, 3920, 1005950, 22488, 0.551)
('275.png', 23520, 4221, 1002126, 18709, 0.672)
('279.png', 16626, 2159, 1001665, 28126, 0.523)
('304.png', 2872, 1271, 1021025, 23408, 0.189)
('318.png', 9505, 2125, 1011495, 25451, 0.408)
('33.png', 15856, 3448, 991752, 37520, 0.436)
('34.png', 14410, 4264, 999787, 30115, 0.456)
('37.png', 17088, 1129, 987678, 42681, 0.438)
('42.png', 24111, 2482, 1005040, 16943, 0.713)
('49.png', 13948, 2958, 998196, 33474, 0.434)
('53.png', 15103, 1647, 1001187, 30639, 0.483)
('90.png', 13826, 3328, 1005634, 25788, 0.487)
('meanDice', 0.484)
/dataAVO/LESAV/targetVeins/1024x1024/test/ ==> /inferenceEval/predNoDA/predFewS_V/DR_DU_HR/
colorMode : Grayscale
daMode : ['noDA']
imageToTensor length: 17
('imgName', 'TP', 'FP', 'TN', 'FN', 'DICE')
('111.png', 14449, 4272, 1011025, 18830, 0.556)
('119.png', 17926, 8790, 1009710, 12150, 0.631)
('12.png', 20778, 11505, 999674, 16619, 0.596)
('15.png', 6693, 4130, 1003578, 34175, 0.259)
('224.png', 8159, 3047, 989614, 47756, 0.243)
('240.png', 15728, 4063, 1005807, 22978, 0.538)
('275.png', 23763, 5443, 1000904, 18466, 0.665)
('279.png', 16872, 3834, 999990, 27880, 0.516)
('304.png', 1480, 916, 1021380, 24800, 0.103)
('318.png', 7367, 2299, 1011321, 27589, 0.33)
('33.png', 15348, 4802, 990398, 38028, 0.417)
('34.png', 13684, 5167, 998884, 30841, 0.432)
('37.png', 15350, 4396, 984411, 44419, 0.386)
('42.png', 22789, 2532, 1004990, 18265, 0.687)
('49.png', 14357, 4373, 996781, 33065, 0.434)
('53.png', 15227, 3895, 998939, 30515, 0.47)
('90.png', 12612, 4205, 1004757, 27002, 0.447)
('meanDice', 0.454)
/dataAVO/LESAV/targetVeins/1024x1024/test/ ==> /inferenceEval/predDA/predZeroS_V/DR_DU_HR/
colorMode : Grayscale
daMode : ['noDA']
imageToTensor length: 17
('imgName', 'TP', 'FP', 'TN', 'FN', 'DICE')
('111.png', 13141, 1635, 1013662, 20138, 0.547)
('119.png', 16367, 6777, 1011723, 13709, 0.615)
('12.png', 17280, 5774, 1005405, 20117, 0.572)
('15.png', 2698, 1610, 1006098, 38170, 0.119)
('224.png', 6298, 1260, 991401, 49617, 0.198)
('240.png', 12159, 693, 1009177, 26547, 0.472)
('275.png', 24309, 3630, 1002717, 17920, 0.693)
('279.png', 13394, 1545, 1002279, 31358, 0.449)
('304.png', 94, 28, 1022268, 26186, 0.007)
('318.png', 5389, 697, 1012923, 29567, 0.263)
('33.png', 5601, 747, 994453, 47775, 0.188)
('34.png', 7691, 1382, 1002669, 36834, 0.287)
('37.png', 9597, 689, 988118, 50172, 0.274)
('42.png', 21948, 1603, 1005919, 19106, 0.679)
('49.png', 9857, 503, 1000651, 37565, 0.341)
('53.png', 11861, 2417, 1000417, 33881, 0.395)
('90.png', 5840, 1541, 1007421, 33774, 0.249)
('meanDice', 0.373)
/dataAVO/LESAV/targetVeins/1024x1024/test/ ==> /inferenceEval/predDA/predFewS_V/DR_DU_HR/
colorMode : Grayscale
daMode : ['noDA']
imageToTensor length: 17
('imgName', 'TP', 'FP', 'TN', 'FN', 'DICE')
('111.png', 14783, 2830, 1012467, 18496, 0.581)
('119.png', 17619, 8281, 1010219, 12457, 0.63)
('12.png', 18657, 6052, 1005127, 18740, 0.601)
('15.png', 592, 1718, 1005990, 40276, 0.027)
('224.png', 4082, 613, 992048, 51833, 0.135)
('240.png', 13183, 1428, 1008442, 25523, 0.495)
('275.png', 20813, 2542, 1003805, 21416, 0.635)
('279.png', 11783, 1309, 1002515, 32969, 0.407)
('304.png', 283, 10, 1022286, 25997, 0.021)
('318.png', 4075, 558, 1013062, 30881, 0.206)
('33.png', 4594, 463, 994737, 48782, 0.157)
('34.png', 4726, 1081, 1002970, 39799, 0.188)
('37.png', 9277, 630, 988177, 50492, 0.266)
('42.png', 23836, 1941, 1005581, 17218, 0.713)
('49.png', 9461, 482, 1000672, 37961, 0.33)
('53.png', 10983, 2882, 999952, 34759, 0.369)
('90.png', 4202, 1186, 1007776, 35412, 0.187)
('meanDice', 0.35)
/dataAVO/HRF/targetVeins/1024x1024/test/ ==> /inferenceEval/predNoDA/predZeroS_V/DR_DU_LE/
colorMode : Grayscale
daMode : ['noDA']
imageToTensor length: 40
('imgName', 'TP', 'FP', 'TN', 'FN', 'DICE')
('1.png', 8010, 3779, 1006861, 29926, 0.322)
('10.png', 6691, 3588, 1007129, 31168, 0.278)
('11.png', 8118, 2196, 1006719, 31543, 0.325)
('12.png', 15577, 5234, 987622, 40143, 0.407)
('13.png', 13427, 6786, 1004079, 24284, 0.464)
('14.png', 3676, 2044, 1008115, 34741, 0.167)
('15.png', 9042, 2488, 991081, 45965, 0.272)
('16.png', 6746, 2432, 1006153, 33245, 0.274)
('17.png', 4355, 2046, 1007978, 34197, 0.194)
('18.png', 21216, 8614, 982547, 36199, 0.486)
('19.png', 22608, 11054, 992860, 22054, 0.577)
('2.png', 5904, 1975, 1003221, 37476, 0.23)
('20.png', 12645, 4880, 1004701, 26350, 0.447)
('21.png', 4562, 808, 997887, 45319, 0.165)
('22.png', 2999, 1384, 1000697, 43496, 0.118)
('23.png', 8677, 4876, 1000097, 34926, 0.304)
('24.png', 9077, 1200, 989516, 48783, 0.266)
('25.png', 7995, 1475, 1002307, 36799, 0.295)
('26.png', 19083, 9302, 997411, 22780, 0.543)
('27.png', 10084, 1635, 999143, 37714, 0.339)
('28.png', 18279, 9520, 988451, 32326, 0.466)
('29.png', 9659, 2814, 1002844, 33259, 0.349)
('3.png', 20518, 5215, 983965, 38878, 0.482)
('30.png', 11816, 3609, 996012, 37139, 0.367)
('31.png', 14318, 5612, 993016, 35630, 0.41)
('32.png', 8165, 3003, 1002124, 35284, 0.299)
('33.png', 22815, 9558, 987010, 29193, 0.541)
('34.png', 1015, 161, 1006629, 40771, 0.047)
('35.png', 9434, 7876, 994595, 36671, 0.298)
('36.png', 32483, 13602, 975644, 26847, 0.616)
('37.png', 1270, 218, 1004811, 42277, 0.056)
('38.png', 11126, 5296, 998017, 34137, 0.361)
('39.png', 19403, 7871, 993673, 27629, 0.522)
('4.png', 9056, 2825, 1003098, 33597, 0.332)
('40.png', 6692, 4244, 1004830, 32810, 0.265)
('5.png', 10806, 4743, 999150, 33877, 0.359)
('6.png', 22945, 4233, 983445, 37953, 0.521)
('7.png', 2945, 734, 1008342, 36555, 0.136)
('8.png', 9213, 2348, 1010143, 26872, 0.387)
('9.png', 16800, 3467, 985125, 43184, 0.419)
('meanDice', 0.343)
/dataAVO/HRF/targetVeins/1024x1024/test/ ==> /inferenceEval/predNoDA/predFewS_V/DR_DU_LE/
colorMode : Grayscale
daMode : ['noDA']
imageToTensor length: 40
('imgName', 'TP', 'FP', 'TN', 'FN', 'DICE')
('1.png', 22828, 12023, 998617, 15108, 0.627)
('10.png', 13514, 6493, 1004224, 24345, 0.467)
('11.png', 27549, 12369, 996546, 12112, 0.692)
('12.png', 35338, 22657, 970199, 20382, 0.622)
('13.png', 26351, 19065, 991800, 11360, 0.634)
('14.png', 10648, 9315, 1000844, 27769, 0.365)
('15.png', 28060, 8631, 984938, 26947, 0.612)
('16.png', 20344, 10445, 998140, 19647, 0.575)
('17.png', 16163, 6770, 1003254, 22389, 0.526)
('18.png', 35714, 15146, 976015, 21701, 0.66)
('19.png', 27654, 13619, 990295, 17008, 0.644)
('2.png', 19921, 10829, 994367, 23459, 0.537)
('20.png', 22161, 12267, 997314, 16834, 0.604)
('21.png', 20441, 6604, 992091, 29440, 0.531)
('22.png', 7765, 4016, 998065, 38730, 0.266)
('23.png', 19650, 13740, 991233, 23953, 0.51)
('24.png', 30482, 8444, 982272, 27378, 0.63)
('25.png', 20182, 5999, 997783, 24612, 0.569)
('26.png', 26970, 16750, 989963, 14893, 0.63)
('27.png', 25231, 9969, 990809, 22567, 0.608)
('28.png', 31933, 16268, 981703, 18672, 0.646)
('29.png', 20455, 9748, 995910, 22463, 0.559)
('3.png', 34613, 7828, 981352, 24783, 0.68)
('30.png', 29855, 8616, 991005, 19100, 0.683)
('31.png', 32527, 16043, 982585, 17421, 0.66)
('32.png', 18564, 10148, 994979, 24885, 0.515)
('33.png', 37080, 26554, 970014, 14928, 0.641)
('34.png', 8697, 2904, 1003886, 33089, 0.326)
('35.png', 18268, 15149, 987322, 27837, 0.459)
('36.png', 41569, 21112, 968134, 17761, 0.681)
('37.png', 5155, 1911, 1003118, 38392, 0.204)
('38.png', 24605, 13151, 990162, 20658, 0.593)
('39.png', 32636, 16394, 985150, 14396, 0.679)
('4.png', 24254, 10124, 995799, 18399, 0.63)
('40.png', 9817, 8260, 1000814, 29685, 0.341)
('5.png', 23739, 14192, 989701, 20944, 0.575)
('6.png', 37516, 10225, 977453, 23382, 0.691)
('7.png', 5113, 2804, 1006272, 34387, 0.216)
('8.png', 18768, 9169, 1003322, 17317, 0.586)
('9.png', 35376, 20765, 967827, 24608, 0.609)
('meanDice', 0.557)
/dataAVO/HRF/targetVeins/1024x1024/test/ ==> /inferenceEval/predDA/predZeroS_V/DR_DU_LE/
colorMode : Grayscale
daMode : ['noDA']
imageToTensor length: 40
('imgName', 'TP', 'FP', 'TN', 'FN', 'DICE')
('1.png', 22002, 6719, 1003921, 15934, 0.66)
('10.png', 13995, 6042, 1004675, 23864, 0.483)
('11.png', 22642, 7769, 1001146, 17019, 0.646)
('12.png', 31137, 22132, 970724, 24583, 0.571)
('13.png', 24635, 18435, 992430, 13076, 0.61)
('14.png', 20874, 7754, 1002405, 17543, 0.623)
('15.png', 24848, 8334, 985235, 30159, 0.564)
('16.png', 20322, 11307, 997278, 19669, 0.567)
('17.png', 18563, 7217, 1002807, 19989, 0.577)
('18.png', 32272, 10079, 981082, 25143, 0.647)
('19.png', 28755, 12768, 991146, 15907, 0.667)
('2.png', 20535, 7579, 997617, 22845, 0.574)
('20.png', 23972, 9430, 1000151, 15023, 0.662)
('21.png', 19952, 5631, 993064, 29929, 0.529)
('22.png', 12869, 4045, 998036, 33626, 0.406)
('23.png', 22673, 10262, 994711, 20930, 0.592)
('24.png', 27194, 6449, 984267, 30666, 0.594)
('25.png', 25519, 6645, 997137, 19275, 0.663)
('26.png', 26430, 14193, 992520, 15433, 0.641)
('27.png', 21978, 4404, 996374, 25820, 0.593)
('28.png', 30804, 17477, 980494, 19801, 0.623)
('29.png', 21470, 9057, 996601, 21448, 0.585)
('3.png', 32488, 12966, 976214, 26908, 0.62)
('30.png', 25653, 7673, 991948, 23302, 0.624)
('31.png', 31045, 14072, 984556, 18903, 0.653)
('32.png', 22061, 10224, 994903, 21388, 0.583)
('33.png', 31348, 25902, 970666, 20660, 0.574)
('34.png', 6671, 1759, 1005031, 35115, 0.266)
('35.png', 24220, 10850, 991621, 21885, 0.597)
('36.png', 37535, 20846, 968400, 21795, 0.638)
('37.png', 5240, 1844, 1003185, 38307, 0.207)
('38.png', 24495, 11254, 992059, 20768, 0.605)
('39.png', 31408, 30323, 971221, 15624, 0.578)
('4.png', 22699, 5908, 1000015, 19954, 0.637)
('40.png', 11519, 5388, 1003686, 27983, 0.408)
('5.png', 23474, 11159, 992734, 21209, 0.592)
('6.png', 33382, 11812, 975866, 27516, 0.629)
('7.png', 9767, 3805, 1005271, 29733, 0.368)
('8.png', 20496, 8194, 1004297, 15589, 0.633)
('9.png', 31879, 22686, 965906, 28105, 0.557)
('meanDice', 0.571)
/dataAVO/HRF/targetVeins/1024x1024/test/ ==> /inferenceEval/predDA/predFewS_V/DR_DU_LE/
colorMode : Grayscale
daMode : ['noDA']
imageToTensor length: 40
('imgName', 'TP', 'FP', 'TN', 'FN', 'DICE')
('1.png', 18574, 7224, 1003416, 19362, 0.583)
('10.png', 13404, 4582, 1006135, 24455, 0.48)
('11.png', 23664, 11329, 997586, 15997, 0.634)
('12.png', 34824, 20468, 972388, 20896, 0.627)
('13.png', 24226, 16471, 994394, 13485, 0.618)
('14.png', 9377, 2880, 1007279, 29040, 0.37)
('15.png', 22376, 5941, 987628, 32631, 0.537)
('16.png', 17137, 8166, 1000419, 22854, 0.525)
('17.png', 10839, 2745, 1007279, 27713, 0.416)
('18.png', 28724, 10287, 980874, 28691, 0.596)
('19.png', 31041, 13980, 989934, 13621, 0.692)
('2.png', 21283, 8807, 996389, 22097, 0.579)
('20.png', 25975, 11018, 998563, 13020, 0.684)
('21.png', 17608, 4874, 993821, 32273, 0.487)
('22.png', 13786, 6296, 995785, 32709, 0.414)
('23.png', 22309, 11663, 993310, 21294, 0.575)
('24.png', 20388, 4141, 986575, 37472, 0.495)
('25.png', 26300, 8195, 995587, 18494, 0.663)
('26.png', 28561, 15485, 991228, 13302, 0.665)
('27.png', 21730, 5171, 995607, 26068, 0.582)
('28.png', 26117, 15348, 982623, 24488, 0.567)
('29.png', 23394, 8582, 997076, 19524, 0.625)
('3.png', 37304, 12087, 977093, 22092, 0.686)
('30.png', 25359, 5712, 993909, 23596, 0.634)
('31.png', 28404, 16812, 981816, 21544, 0.597)
('32.png', 19301, 8647, 996480, 24148, 0.541)
('33.png', 37570, 21703, 974865, 14438, 0.675)
('34.png', 5049, 2689, 1004101, 36737, 0.204)
('35.png', 17306, 11861, 990610, 28799, 0.46)
('36.png', 42596, 18781, 970465, 16734, 0.706)
('37.png', 4405, 1951, 1003078, 39142, 0.177)
('38.png', 25912, 14444, 988869, 19351, 0.605)
('39.png', 34769, 19431, 982113, 12263, 0.687)
('4.png', 18527, 6146, 999777, 24126, 0.55)
('40.png', 14888, 11366, 997708, 24614, 0.453)
('5.png', 19954, 9330, 994563, 24729, 0.54)
('6.png', 41285, 11817, 975861, 19613, 0.724)
('7.png', 7527, 3330, 1005746, 31973, 0.299)
('8.png', 19106, 8514, 1003977, 16979, 0.6)
('9.png', 33511, 17775, 970817, 26473, 0.602)
('meanDice', 0.554)
/dataAVO/DUALMODAL2019/targetVeins/1024x1024/test/ ==> /inferenceEval/predNoDA/predZeroS_V/DR_HR_LE/
colorMode : Grayscale
daMode : ['noDA']
imageToTensor length: 25
('imgName', 'TP', 'FP', 'TN', 'FN', 'DICE')
('1.png', 30002, 21985, 989305, 7284, 0.672)
('10.png', 30114, 18648, 992804, 7010, 0.701)
('11.png', 30322, 19990, 986299, 11965, 0.655)
('12.png', 22504, 18602, 996860, 10610, 0.606)
('13.png', 32218, 23682, 985281, 7395, 0.675)
('14.png', 34759, 22350, 982927, 8540, 0.692)
('15.png', 17568, 12697, 1000665, 17646, 0.537)
('16.png', 22215, 16302, 993393, 16666, 0.574)
('17.png', 28185, 30450, 982581, 7360, 0.599)
('18.png', 25617, 22699, 997106, 3154, 0.665)
('19.png', 24853, 28845, 989297, 5581, 0.591)
('2.png', 9948, 12083, 1001969, 24576, 0.352)
('20.png', 26565, 17870, 992310, 11831, 0.641)
('21.png', 16451, 20953, 1000513, 10659, 0.51)
('22.png', 29322, 20888, 990250, 8116, 0.669)
('23.png', 31925, 23941, 982704, 10006, 0.653)
('24.png', 22197, 16458, 1001230, 8691, 0.638)
('25.png', 32653, 25374, 983906, 6643, 0.671)
('3.png', 31220, 25863, 985511, 5982, 0.662)
('4.png', 26055, 28550, 990012, 3959, 0.616)
('5.png', 28582, 23173, 991054, 5767, 0.664)
('6.png', 13672, 15827, 1005445, 13632, 0.481)
('7.png', 27716, 21800, 993662, 5398, 0.671)
('8.png', 32159, 26456, 983196, 6765, 0.659)
('9.png', 24656, 18868, 997786, 7266, 0.654)
('meanDice', 0.62)
/dataAVO/DUALMODAL2019/targetVeins/1024x1024/test/ ==> /inferenceEval/predNoDA/predFewS_V/DR_HR_LE/
colorMode : Grayscale
daMode : ['noDA']
imageToTensor length: 25
('imgName', 'TP', 'FP', 'TN', 'FN', 'DICE')
('1.png', 20375, 9314, 1001976, 16911, 0.608)
('10.png', 23858, 10837, 1000615, 13266, 0.664)
('11.png', 25014, 9523, 996766, 17273, 0.651)
('12.png', 14491, 10234, 1005228, 18623, 0.501)
('13.png', 19839, 11294, 997669, 19774, 0.561)
('14.png', 26105, 13005, 992272, 17194, 0.634)
('15.png', 9339, 5001, 1008361, 25875, 0.377)
('16.png', 9558, 6729, 1002966, 29323, 0.347)
('17.png', 22828, 17094, 995937, 12717, 0.605)
('18.png', 19822, 16168, 1003637, 8949, 0.612)
('19.png', 22647, 12316, 1005826, 7787, 0.693)
('2.png', 6284, 4983, 1009069, 28240, 0.274)
('20.png', 21690, 7842, 1002338, 16706, 0.639)
('21.png', 15257, 10488, 1010978, 11853, 0.577)
('22.png', 23941, 10393, 1000745, 13497, 0.667)
('23.png', 20526, 12210, 994435, 21405, 0.55)
('24.png', 17011, 6945, 1010743, 13877, 0.62)
('25.png', 25682, 16152, 993128, 13614, 0.633)
('3.png', 26812, 12022, 999352, 10390, 0.705)
('4.png', 19892, 18757, 999805, 10122, 0.579)
('5.png', 22765, 9841, 1004386, 11584, 0.68)
('6.png', 8354, 5945, 1015327, 18950, 0.402)
('7.png', 21111, 13309, 1002153, 12003, 0.625)
('8.png', 17988, 11536, 998116, 20936, 0.526)
('9.png', 17679, 10746, 1005908, 14243, 0.586)
('meanDice', 0.573)
/dataAVO/DUALMODAL2019/targetVeins/1024x1024/test/ ==> /inferenceEval/predDA/predZeroS_V/DR_HR_LE/
colorMode : Grayscale
daMode : ['noDA']
imageToTensor length: 25
('imgName', 'TP', 'FP', 'TN', 'FN', 'DICE')
('1.png', 30329, 13183, 998107, 6957, 0.751)
('10.png', 31046, 13383, 998069, 6078, 0.761)
('11.png', 35077, 16038, 990251, 7210, 0.751)
('12.png', 21189, 12525, 1002937, 11925, 0.634)
('13.png', 31748, 17628, 991335, 7865, 0.714)
('14.png', 31965, 13029, 992248, 11334, 0.724)
('15.png', 19120, 7949, 1005413, 16094, 0.614)
('16.png', 21317, 10103, 999592, 17564, 0.606)
('17.png', 28576, 21834, 991197, 6969, 0.665)
('18.png', 25562, 19725, 1000080, 3209, 0.69)
('19.png', 24906, 17417, 1000725, 5528, 0.685)
('2.png', 18285, 17739, 996313, 16239, 0.518)
('20.png', 26447, 10822, 999358, 11949, 0.699)
('21.png', 18659, 13047, 1008419, 8451, 0.634)
('22.png', 29824, 12444, 998694, 7614, 0.748)
('23.png', 31784, 15942, 990703, 10147, 0.709)
('24.png', 22527, 10510, 1007178, 8361, 0.705)
('25.png', 33230, 19199, 990081, 6066, 0.725)
('3.png', 30703, 13541, 997833, 6499, 0.754)
('4.png', 26425, 22884, 995678, 3589, 0.666)
('5.png', 27993, 16032, 998195, 6356, 0.714)
('6.png', 15048, 11154, 1010118, 12256, 0.562)
('7.png', 25870, 13368, 1002094, 7244, 0.715)
('8.png', 30929, 15980, 993672, 7995, 0.721)
('9.png', 26253, 13281, 1003373, 5669, 0.735)
('meanDice', 0.688)
/dataAVO/DUALMODAL2019/targetVeins/1024x1024/test/ ==> /inferenceEval/predDA/predFewS_V/DR_HR_LE/
colorMode : Grayscale
daMode : ['noDA']
imageToTensor length: 25
('imgName', 'TP', 'FP', 'TN', 'FN', 'DICE')
('1.png', 28666, 13828, 997462, 8620, 0.719)
('10.png', 30570, 12718, 998734, 6554, 0.76)
('11.png', 30915, 10165, 996124, 11372, 0.742)
('12.png', 21591, 11863, 1003599, 11523, 0.649)
('13.png', 33768, 19140, 989823, 5845, 0.73)
('14.png', 31019, 12150, 993127, 12280, 0.717)
('15.png', 15813, 4859, 1008503, 19401, 0.566)
('16.png', 17021, 8631, 1001064, 21860, 0.528)
('17.png', 24976, 15550, 997481, 10569, 0.657)
('18.png', 25611, 17159, 1002646, 3160, 0.716)
('19.png', 23911, 12692, 1005450, 6523, 0.713)
('2.png', 17420, 15785, 998267, 17104, 0.514)
('20.png', 27902, 12103, 998077, 10494, 0.712)
('21.png', 19602, 12695, 1008771, 7508, 0.66)
('22.png', 28857, 11711, 999427, 8581, 0.74)
('23.png', 33315, 14949, 991696, 8616, 0.739)
('24.png', 22415, 8914, 1008774, 8473, 0.721)
('25.png', 31757, 15254, 994026, 7539, 0.736)
('3.png', 31334, 12439, 998935, 5868, 0.774)
('4.png', 27398, 24291, 994271, 2616, 0.671)
('5.png', 29867, 12757, 1001470, 4482, 0.776)
('6.png', 16305, 11941, 1009331, 10999, 0.587)
('7.png', 20853, 9343, 1006119, 12261, 0.659)
('8.png', 30396, 17358, 992294, 8528, 0.701)
('9.png', 19880, 8769, 1007885, 12042, 0.656)
('meanDice', 0.686)
/dataAVO/DRIVE_RETA/targetVeins/1024x1024/test/ ==> /inferenceEval/predNoDA/predZeroS_V/DU_HR_LE/
colorMode : Grayscale
daMode : ['noDA']
imageToTensor length: 35
('imgName', 'TP', 'FP', 'TN', 'FN', 'DICE')
('01.png', 27746, 16990, 976520, 27320, 0.556)
('02.png', 13490, 8689, 972492, 53905, 0.301)
('03.png', 19851, 12707, 974097, 41921, 0.421)
('04.png', 27467, 12244, 981058, 27807, 0.578)
('05.png', 16871, 15484, 986107, 30114, 0.425)
('06.png', 28827, 18164, 967821, 33764, 0.526)
('07.png', 36704, 17640, 974759, 19473, 0.664)
('08.png', 24997, 16915, 989403, 17261, 0.594)
('09.png', 14685, 10049, 982946, 40896, 0.366)
('10.png', 25609, 16564, 984242, 22161, 0.569)
('11.png', 28390, 20185, 972445, 27556, 0.543)
('12.png', 31956, 8840, 981606, 26174, 0.646)
('13.png', 34057, 14445, 968529, 31545, 0.597)
('14.png', 21857, 11088, 989544, 26087, 0.54)
('15.png', 24205, 21219, 986597, 16555, 0.562)
('16.png', 21125, 16310, 974830, 36311, 0.445)
('17.png', 12488, 10206, 983695, 42187, 0.323)
('18.png', 15700, 9431, 980337, 43108, 0.374)
('19.png', 42442, 19650, 966395, 20089, 0.681)
('20.png', 33428, 14062, 972889, 28197, 0.613)
('21.png', 23224, 17081, 982169, 26102, 0.518)
('22.png', 19295, 13108, 981684, 34489, 0.448)
('23.png', 4997, 13567, 1001188, 28824, 0.191)
('24.png', 18775, 9601, 960028, 60172, 0.35)
('25.png', 21226, 7164, 980741, 39445, 0.477)
('26.png', 24915, 12844, 983070, 27747, 0.551)
('27.png', 26449, 11560, 980364, 30203, 0.559)
('28.png', 30838, 11325, 971067, 35346, 0.569)
('29.png', 34368, 21312, 974154, 18742, 0.632)
('30.png', 24327, 13452, 986753, 24044, 0.565)
('31.png', 14134, 10608, 1001430, 22404, 0.461)
('32.png', 12637, 12419, 987674, 35846, 0.344)
('33.png', 24808, 10675, 984180, 28913, 0.556)
('34.png', 10898, 15402, 1004231, 18045, 0.395)
('35.png', 36760, 18172, 973670, 19974, 0.658)
('meanDice', 0.503)
/dataAVO/DRIVE_RETA/targetVeins/1024x1024/test/ ==> /inferenceEval/predNoDA/predFewS_V/DU_HR_LE/
colorMode : Grayscale
daMode : ['noDA']
imageToTensor length: 35
('imgName', 'TP', 'FP', 'TN', 'FN', 'DICE')
('01.png', 12366, 3979, 989531, 42700, 0.346)
('02.png', 13043, 2983, 978198, 54352, 0.313)
('03.png', 8775, 1436, 985368, 52997, 0.244)
('04.png', 21429, 5259, 988043, 33845, 0.523)
('05.png', 3335, 2399, 999192, 43650, 0.127)
('06.png', 11842, 2533, 983452, 50749, 0.308)
('07.png', 31670, 6042, 986357, 24507, 0.675)
('08.png', 20500, 5129, 1001189, 21758, 0.604)
('09.png', 6547, 2898, 990097, 49034, 0.201)
('10.png', 24686, 9640, 991166, 23084, 0.601)
('11.png', 24004, 7810, 984820, 31942, 0.547)
('12.png', 30258, 3584, 986862, 27872, 0.658)
('13.png', 25603, 3743, 979231, 39999, 0.539)
('14.png', 12795, 3612, 997020, 35149, 0.398)
('15.png', 16461, 6323, 1001493, 24299, 0.518)
('16.png', 9402, 4230, 986910, 48034, 0.265)
('17.png', 7447, 2564, 991337, 47228, 0.23)
('18.png', 8341, 3783, 985985, 50467, 0.235)
('19.png', 38138, 7299, 978746, 24393, 0.706)
('20.png', 25364, 3742, 983209, 36261, 0.559)
('21.png', 20377, 7690, 991560, 28949, 0.527)
('22.png', 10283, 3731, 991061, 43501, 0.303)
('23.png', 951, 2790, 1011965, 32870, 0.051)
('24.png', 12902, 4117, 965512, 66045, 0.269)
('25.png', 4624, 2532, 985373, 56047, 0.136)
('26.png', 18719, 4405, 991509, 33943, 0.494)
('27.png', 24176, 4986, 986938, 32476, 0.563)
('28.png', 19377, 5136, 977256, 46807, 0.427)
('29.png', 31740, 8137, 987329, 21370, 0.683)
('30.png', 22218, 4896, 995309, 26153, 0.589)
('31.png', 11021, 2017, 1010021, 25517, 0.445)
('32.png', 4507, 3071, 997022, 43976, 0.161)
('33.png', 19501, 6144, 988711, 34220, 0.491)
('34.png', 3223, 3962, 1015671, 25720, 0.178)
('35.png', 35885, 8321, 983521, 20849, 0.711)
('meanDice', 0.418)
/dataAVO/DRIVE_RETA/targetVeins/1024x1024/test/ ==> /inferenceEval/predDA/predZeroS_V/DU_HR_LE/
colorMode : Grayscale
daMode : ['noDA']
imageToTensor length: 35
('imgName', 'TP', 'FP', 'TN', 'FN', 'DICE')
('01.png', 29798, 21176, 972334, 25268, 0.562)
('02.png', 22092, 18217, 962964, 45303, 0.41)
('03.png', 19374, 14003, 972801, 42398, 0.407)
('04.png', 28179, 18050, 975252, 27095, 0.555)
('05.png', 19127, 22230, 979361, 27858, 0.433)
('06.png', 32735, 17978, 968007, 29856, 0.578)
('07.png', 35062, 17866, 974533, 21115, 0.643)
('08.png', 25993, 24092, 982226, 16265, 0.563)
('09.png', 18347, 17759, 975236, 37234, 0.4)
('10.png', 27573, 23109, 977697, 20197, 0.56)
('11.png', 24862, 24579, 968051, 31084, 0.472)
('12.png', 34888, 16797, 973649, 23242, 0.635)
('13.png', 34740, 18563, 964411, 30862, 0.584)
('14.png', 25743, 21265, 979367, 22201, 0.542)
('15.png', 25207, 32221, 975595, 15553, 0.513)
('16.png', 26862, 20663, 970477, 30574, 0.512)
('17.png', 16462, 16311, 977590, 38213, 0.376)
('18.png', 19214, 18667, 971101, 39594, 0.397)
('19.png', 41176, 19928, 966117, 21355, 0.666)
('20.png', 36398, 19034, 967917, 25227, 0.622)
('21.png', 25241, 21160, 978090, 24085, 0.527)
('22.png', 25368, 19743, 975049, 28416, 0.513)
('23.png', 4509, 26485, 988270, 29312, 0.139)
('24.png', 21272, 16867, 952762, 57675, 0.363)
('25.png', 27899, 13710, 974195, 32772, 0.546)
('26.png', 25335, 16461, 979453, 27327, 0.536)
('27.png', 27003, 15760, 976164, 29649, 0.543)
('28.png', 33460, 14974, 967418, 32724, 0.584)
('29.png', 34425, 28697, 966769, 18685, 0.592)
('30.png', 27825, 19944, 980261, 20546, 0.579)
('31.png', 16989, 18695, 993343, 19549, 0.47)
('32.png', 16643, 17383, 982710, 31840, 0.403)
('33.png', 28502, 16870, 977985, 25219, 0.575)
('34.png', 13329, 25848, 993785, 15614, 0.391)
('35.png', 36334, 24552, 967290, 20400, 0.618)
('meanDice', 0.509)
/dataAVO/DRIVE_RETA/targetVeins/1024x1024/test/ ==> /inferenceEval/predDA/predFewS_V/DU_HR_LE/
colorMode : Grayscale
daMode : ['noDA']
imageToTensor length: 35
('imgName', 'TP', 'FP', 'TN', 'FN', 'DICE')
('01.png', 32224, 11523, 981987, 22842, 0.652)
('02.png', 19939, 5929, 975252, 47456, 0.428)
('03.png', 27801, 5734, 981070, 33971, 0.583)
('04.png', 30019, 5463, 987839, 25255, 0.662)
('05.png', 17731, 6486, 995105, 29254, 0.498)
('06.png', 35037, 11341, 974644, 27554, 0.643)
('07.png', 36419, 9969, 982430, 19758, 0.71)
('08.png', 24079, 9109, 997209, 18179, 0.638)
('09.png', 14277, 4686, 988309, 41304, 0.383)
('10.png', 27968, 11301, 989505, 19802, 0.643)
('11.png', 25099, 11012, 981618, 30847, 0.545)
('12.png', 32721, 4660, 985786, 25409, 0.685)
('13.png', 37364, 12801, 970173, 28238, 0.646)
('14.png', 18914, 5937, 994695, 29030, 0.52)
('15.png', 25582, 19671, 988145, 15178, 0.595)
('16.png', 21142, 7768, 983372, 36294, 0.49)
('17.png', 11174, 2673, 991228, 43501, 0.326)
('18.png', 17267, 5934, 983834, 41541, 0.421)
('19.png', 42163, 12413, 973632, 20368, 0.72)
('20.png', 35648, 8792, 978159, 25977, 0.672)
('21.png', 27496, 10450, 988800, 21830, 0.63)
('22.png', 24980, 7056, 987736, 28804, 0.582)
('23.png', 2859, 6615, 1008140, 30962, 0.132)
('24.png', 21118, 6348, 963281, 57829, 0.397)
('25.png', 26464, 4287, 983618, 34207, 0.579)
('26.png', 28783, 5184, 990730, 23879, 0.665)
('27.png', 27874, 6631, 985293, 28778, 0.612)
('28.png', 33768, 6944, 975448, 32416, 0.632)
('29.png', 35098, 17693, 977773, 18012, 0.663)
('30.png', 27147, 9171, 991034, 21224, 0.641)
('31.png', 14320, 5059, 1006979, 22218, 0.512)
('32.png', 13939, 3426, 996667, 34544, 0.423)
('33.png', 28437, 6408, 988447, 25284, 0.642)
('34.png', 13699, 10288, 1009345, 15244, 0.518)
('35.png', 36502, 11489, 980353, 20232, 0.697)
('meanDice', 0.565)
